
--Converted with ttyyuu12345's model to script plugin v4
function sandbox(var,func)
	local env = getfenv(func)
	local newenv = setmetatable({},{
		__index = function(self,k)
			if k=="script" then
				return var
			else
				return env[k]
			end
		end,
	})
	setfenv(func,newenv)
	return func
end
cors = {}
mas = Instance.new("Model",game:GetService("Lighting"))
Tool0 = Instance.new("Tool")
Part1 = Instance.new("Part")
CylinderMesh2 = Instance.new("CylinderMesh")
Part3 = Instance.new("Part")
CylinderMesh4 = Instance.new("CylinderMesh")
Part5 = Instance.new("Part")
BlockMesh6 = Instance.new("BlockMesh")
Part7 = Instance.new("Part")
SpecialMesh8 = Instance.new("SpecialMesh")
Part9 = Instance.new("Part")
CylinderMesh10 = Instance.new("CylinderMesh")
Part11 = Instance.new("Part")
CylinderMesh12 = Instance.new("CylinderMesh")
Part13 = Instance.new("Part")
CylinderMesh14 = Instance.new("CylinderMesh")
Part15 = Instance.new("Part")
BlockMesh16 = Instance.new("BlockMesh")
Part17 = Instance.new("Part")
BlockMesh18 = Instance.new("BlockMesh")
Part19 = Instance.new("Part")
CylinderMesh20 = Instance.new("CylinderMesh")
Part21 = Instance.new("Part")
BlockMesh22 = Instance.new("BlockMesh")
Part23 = Instance.new("Part")
SpecialMesh24 = Instance.new("SpecialMesh")
Part25 = Instance.new("Part")
BlockMesh26 = Instance.new("BlockMesh")
Weld27 = Instance.new("Weld")
Weld28 = Instance.new("Weld")
Weld29 = Instance.new("Weld")
Weld30 = Instance.new("Weld")
Weld31 = Instance.new("Weld")
Weld32 = Instance.new("Weld")
Weld33 = Instance.new("Weld")
Weld34 = Instance.new("Weld")
Weld35 = Instance.new("Weld")
Weld36 = Instance.new("Weld")
Weld37 = Instance.new("Weld")
Weld38 = Instance.new("Weld")
Weld39 = Instance.new("Weld")
Weld40 = Instance.new("Weld")
Weld41 = Instance.new("Weld")
Weld42 = Instance.new("Weld")
Weld43 = Instance.new("Weld")
Weld44 = Instance.new("Weld")
Weld45 = Instance.new("Weld")
Weld46 = Instance.new("Weld")
Weld47 = Instance.new("Weld")
Weld48 = Instance.new("Weld")
Weld49 = Instance.new("Weld")
Weld50 = Instance.new("Weld")
Weld51 = Instance.new("Weld")
Weld52 = Instance.new("Weld")
Weld53 = Instance.new("Weld")
Weld54 = Instance.new("Weld")
Weld55 = Instance.new("Weld")
Weld56 = Instance.new("Weld")
Weld57 = Instance.new("Weld")
Weld58 = Instance.new("Weld")
Weld59 = Instance.new("Weld")
Weld60 = Instance.new("Weld")
Weld61 = Instance.new("Weld")
Weld62 = Instance.new("Weld")
Weld63 = Instance.new("Weld")
Weld64 = Instance.new("Weld")
Weld65 = Instance.new("Weld")
Weld66 = Instance.new("Weld")
Weld67 = Instance.new("Weld")
Weld68 = Instance.new("Weld")
Weld69 = Instance.new("Weld")
Weld70 = Instance.new("Weld")
Weld71 = Instance.new("Weld")
Weld72 = Instance.new("Weld")
Weld73 = Instance.new("Weld")
Weld74 = Instance.new("Weld")
Weld75 = Instance.new("Weld")
Weld76 = Instance.new("Weld")
Weld77 = Instance.new("Weld")
Weld78 = Instance.new("Weld")
Weld79 = Instance.new("Weld")
Weld80 = Instance.new("Weld")
Weld81 = Instance.new("Weld")
Weld82 = Instance.new("Weld")
Weld83 = Instance.new("Weld")
Weld84 = Instance.new("Weld")
Weld85 = Instance.new("Weld")
Weld86 = Instance.new("Weld")
Weld87 = Instance.new("Weld")
Weld88 = Instance.new("Weld")
Weld89 = Instance.new("Weld")
Weld90 = Instance.new("Weld")
Weld91 = Instance.new("Weld")
Weld92 = Instance.new("Weld")
Weld93 = Instance.new("Weld")
Weld94 = Instance.new("Weld")
Weld95 = Instance.new("Weld")
Weld96 = Instance.new("Weld")
Weld97 = Instance.new("Weld")
Weld98 = Instance.new("Weld")
Weld99 = Instance.new("Weld")
Weld100 = Instance.new("Weld")
Weld101 = Instance.new("Weld")
Weld102 = Instance.new("Weld")
Weld103 = Instance.new("Weld")
Weld104 = Instance.new("Weld")
Weld105 = Instance.new("Weld")
Weld106 = Instance.new("Weld")
Weld107 = Instance.new("Weld")
Weld108 = Instance.new("Weld")
Weld109 = Instance.new("Weld")
Weld110 = Instance.new("Weld")
Weld111 = Instance.new("Weld")
Weld112 = Instance.new("Weld")
Weld113 = Instance.new("Weld")
Weld114 = Instance.new("Weld")
Weld115 = Instance.new("Weld")
Weld116 = Instance.new("Weld")
Weld117 = Instance.new("Weld")
Weld118 = Instance.new("Weld")
Weld119 = Instance.new("Weld")
Sound120 = Instance.new("Sound")
Sound121 = Instance.new("Sound")
Part122 = Instance.new("Part")
CylinderMesh123 = Instance.new("CylinderMesh")
Part124 = Instance.new("Part")
CylinderMesh125 = Instance.new("CylinderMesh")
Part126 = Instance.new("Part")
BlockMesh127 = Instance.new("BlockMesh")
Part128 = Instance.new("Part")
CylinderMesh129 = Instance.new("CylinderMesh")
Part130 = Instance.new("Part")
BlockMesh131 = Instance.new("BlockMesh")
Part132 = Instance.new("Part")
CylinderMesh133 = Instance.new("CylinderMesh")
Part134 = Instance.new("Part")
Decal135 = Instance.new("Decal")
Decal136 = Instance.new("Decal")
BlockMesh137 = Instance.new("BlockMesh")
Part138 = Instance.new("Part")
Decal139 = Instance.new("Decal")
Decal140 = Instance.new("Decal")
BlockMesh141 = Instance.new("BlockMesh")
Script142 = Instance.new("Script")
Part143 = Instance.new("Part")
SpecialMesh144 = Instance.new("SpecialMesh")
Part145 = Instance.new("Part")
BlockMesh146 = Instance.new("BlockMesh")
Part147 = Instance.new("Part")
SpecialMesh148 = Instance.new("SpecialMesh")
Part149 = Instance.new("Part")
SpecialMesh150 = Instance.new("SpecialMesh")
Part151 = Instance.new("Part")
SpecialMesh152 = Instance.new("SpecialMesh")
Part153 = Instance.new("Part")
CylinderMesh154 = Instance.new("CylinderMesh")
Part155 = Instance.new("Part")
BlockMesh156 = Instance.new("BlockMesh")
Part157 = Instance.new("Part")
BlockMesh158 = Instance.new("BlockMesh")
Part159 = Instance.new("Part")
SpecialMesh160 = Instance.new("SpecialMesh")
Part161 = Instance.new("Part")
SpecialMesh162 = Instance.new("SpecialMesh")
Part163 = Instance.new("Part")
BlockMesh164 = Instance.new("BlockMesh")
Part165 = Instance.new("Part")
SpecialMesh166 = Instance.new("SpecialMesh")
Part167 = Instance.new("Part")
BlockMesh168 = Instance.new("BlockMesh")
Part169 = Instance.new("Part")
BlockMesh170 = Instance.new("BlockMesh")
Part171 = Instance.new("Part")
BlockMesh172 = Instance.new("BlockMesh")
Part173 = Instance.new("Part")
SpecialMesh174 = Instance.new("SpecialMesh")
Part175 = Instance.new("Part")
BlockMesh176 = Instance.new("BlockMesh")
Part177 = Instance.new("Part")
BlockMesh178 = Instance.new("BlockMesh")
Part179 = Instance.new("Part")
BlockMesh180 = Instance.new("BlockMesh")
Part181 = Instance.new("Part")
BlockMesh182 = Instance.new("BlockMesh")
Part183 = Instance.new("Part")
SpecialMesh184 = Instance.new("SpecialMesh")
Part185 = Instance.new("Part")
SpecialMesh186 = Instance.new("SpecialMesh")
Part187 = Instance.new("Part")
SpecialMesh188 = Instance.new("SpecialMesh")
Part189 = Instance.new("Part")
SpecialMesh190 = Instance.new("SpecialMesh")
Part191 = Instance.new("Part")
BlockMesh192 = Instance.new("BlockMesh")
Part193 = Instance.new("Part")
BlockMesh194 = Instance.new("BlockMesh")
Part195 = Instance.new("Part")
BlockMesh196 = Instance.new("BlockMesh")
Part197 = Instance.new("Part")
BlockMesh198 = Instance.new("BlockMesh")
Part199 = Instance.new("Part")
BlockMesh200 = Instance.new("BlockMesh")
Part201 = Instance.new("Part")
BlockMesh202 = Instance.new("BlockMesh")
Part203 = Instance.new("Part")
BlockMesh204 = Instance.new("BlockMesh")
Part205 = Instance.new("Part")
SpecialMesh206 = Instance.new("SpecialMesh")
Part207 = Instance.new("Part")
SpecialMesh208 = Instance.new("SpecialMesh")
Part209 = Instance.new("Part")
BlockMesh210 = Instance.new("BlockMesh")
Part211 = Instance.new("Part")
SpecialMesh212 = Instance.new("SpecialMesh")
Part213 = Instance.new("Part")
BlockMesh214 = Instance.new("BlockMesh")
Part215 = Instance.new("Part")
BlockMesh216 = Instance.new("BlockMesh")
Part217 = Instance.new("Part")
BlockMesh218 = Instance.new("BlockMesh")
Part219 = Instance.new("Part")
BlockMesh220 = Instance.new("BlockMesh")
Part221 = Instance.new("Part")
BlockMesh222 = Instance.new("BlockMesh")
Part223 = Instance.new("Part")
SpecialMesh224 = Instance.new("SpecialMesh")
Part225 = Instance.new("Part")
CylinderMesh226 = Instance.new("CylinderMesh")
Part227 = Instance.new("Part")
BlockMesh228 = Instance.new("BlockMesh")
Part229 = Instance.new("Part")
BlockMesh230 = Instance.new("BlockMesh")
Part231 = Instance.new("Part")
BlockMesh232 = Instance.new("BlockMesh")
Part233 = Instance.new("Part")
BlockMesh234 = Instance.new("BlockMesh")
Part235 = Instance.new("Part")
SpecialMesh236 = Instance.new("SpecialMesh")
Part237 = Instance.new("Part")
CylinderMesh238 = Instance.new("CylinderMesh")
Part239 = Instance.new("Part")
SpecialMesh240 = Instance.new("SpecialMesh")
Part241 = Instance.new("Part")
BlockMesh242 = Instance.new("BlockMesh")
Part243 = Instance.new("Part")
BlockMesh244 = Instance.new("BlockMesh")
Part245 = Instance.new("Part")
BlockMesh246 = Instance.new("BlockMesh")
Part247 = Instance.new("Part")
CylinderMesh248 = Instance.new("CylinderMesh")
Part249 = Instance.new("Part")
BlockMesh250 = Instance.new("BlockMesh")
Part251 = Instance.new("Part")
SpecialMesh252 = Instance.new("SpecialMesh")
Part253 = Instance.new("Part")
BlockMesh254 = Instance.new("BlockMesh")
Part255 = Instance.new("Part")
BlockMesh256 = Instance.new("BlockMesh")
Part257 = Instance.new("Part")
BlockMesh258 = Instance.new("BlockMesh")
Part259 = Instance.new("Part")
BlockMesh260 = Instance.new("BlockMesh")
Part261 = Instance.new("Part")
BlockMesh262 = Instance.new("BlockMesh")
Part263 = Instance.new("Part")
CylinderMesh264 = Instance.new("CylinderMesh")
Part265 = Instance.new("Part")
CylinderMesh266 = Instance.new("CylinderMesh")
Part267 = Instance.new("Part")
BlockMesh268 = Instance.new("BlockMesh")
WeldConstraint269 = Instance.new("WeldConstraint")
RemoteEvent270 = Instance.new("RemoteEvent")
LocalScript271 = Instance.new("LocalScript")
Part272 = Instance.new("Part")
Script273 = Instance.new("Script")
RemoteEvent274 = Instance.new("RemoteEvent")
Tool0.Name = "Revolver"
Tool0.Parent = owner.Backpack
Tool0.Grip = CFrame.new(0, -0.300000012, 0.200000003, 0.925277114, -0, 0.379291713, 0, 1, 0, -0.379291654, 0, 0.925277233)
Tool0.GripForward = Vector3.new(-0.37929171323776245, -0, -0.9252772331237793)
Tool0.GripPos = Vector3.new(0, -0.30000001192092896, 0.20000000298023224)
Tool0.GripRight = Vector3.new(0.9252771139144897, 0, -0.3792916536331177)
Part1.Name = "S1"
Part1.Parent = Tool0
Part1.CFrame = CFrame.new(-17.1613045, 4.64703417, -37.5451241, -3.10837313e-05, 1, -1.93773531e-07, 1.50959067e-07, 1.93778206e-07, 1, 1.00000012, 3.111353e-05, -1.50965107e-07)
Part1.Orientation = Vector3.new(-90, -90, 0)
Part1.Position = Vector3.new(-17.161304473876953, 4.647034168243408, -37.54512405395508)
Part1.Rotation = Vector3.new(-90, 0, -90)
Part1.Color = Color3.new(0.960784, 0.803922, 0.188235)
Part1.Transparency = 1
Part1.Size = Vector3.new(0.20000000298023224, 0.3444444537162781, 0.20000000298023224)
Part1.BottomSurface = Enum.SurfaceType.Smooth
Part1.BrickColor = BrickColor.new("Bright yellow")
Part1.CanCollide = false
Part1.TopSurface = Enum.SurfaceType.Smooth
Part1.brickColor = BrickColor.new("Bright yellow")
Part1.FormFactor = Enum.FormFactor.Custom
Part1.formFactor = Enum.FormFactor.Custom
CylinderMesh2.Parent = Part1
CylinderMesh2.Scale = Vector3.new(0.3499999940395355, 1, 0.3499999940395355)
Part3.Name = "S2"
Part3.Parent = Tool0
Part3.CFrame = CFrame.new(-17.1613007, 4.64903402, -37.6491127, -3.10837313e-05, 1, -1.93773531e-07, 1.50959067e-07, 1.93778206e-07, 1, 1.00000012, 3.111353e-05, -1.50965107e-07)
Part3.Orientation = Vector3.new(-90, -90, 0)
Part3.Position = Vector3.new(-17.161300659179688, 4.649034023284912, -37.649112701416016)
Part3.Rotation = Vector3.new(-90, 0, -90)
Part3.Color = Color3.new(0.960784, 0.803922, 0.188235)
Part3.Transparency = 1
Part3.Size = Vector3.new(0.20000000298023224, 0.3444444537162781, 0.20000000298023224)
Part3.BottomSurface = Enum.SurfaceType.Smooth
Part3.BrickColor = BrickColor.new("Bright yellow")
Part3.CanCollide = false
Part3.TopSurface = Enum.SurfaceType.Smooth
Part3.brickColor = BrickColor.new("Bright yellow")
Part3.FormFactor = Enum.FormFactor.Custom
Part3.formFactor = Enum.FormFactor.Custom
CylinderMesh4.Parent = Part3
CylinderMesh4.Scale = Vector3.new(0.3499999940395355, 1, 0.3499999940395355)
Part5.Parent = Tool0
Part5.CFrame = CFrame.new(-16.3764458, 4.89199018, -37.3851318, -3.08155104e-05, 1.00000024, -1.6397118e-07, 1.51017275e-07, 1.63975784e-07, 1, 1.00000012, 3.07857117e-05, -1.51022334e-07)
Part5.Orientation = Vector3.new(-90, -90, 0)
Part5.Position = Vector3.new(-16.376445770263672, 4.8919901847839355, -37.3851318359375)
Part5.Rotation = Vector3.new(-90, 0, -90)
Part5.Size = Vector3.new(0.20000000298023224, 0.9111111164093018, 0.20000000298023224)
Part5.BottomSurface = Enum.SurfaceType.Smooth
Part5.CanCollide = false
Part5.TopSurface = Enum.SurfaceType.Smooth
Part5.FormFactor = Enum.FormFactor.Custom
Part5.formFactor = Enum.FormFactor.Custom
BlockMesh6.Parent = Part5
BlockMesh6.Scale = Vector3.new(0.3333333432674408, 1, 0.0555555559694767)
Part7.Parent = Tool0
Part7.CFrame = CFrame.new(-17.2872925, 4.91398478, -37.385128, 3.08155104e-05, 1.00000024, 1.6397118e-07, -1.51017275e-07, 1.63975784e-07, -1, -1.00000012, 3.07857117e-05, 1.51022334e-07)
Part7.Orientation = Vector3.new(90, 90, 0)
Part7.Position = Vector3.new(-17.28729248046875, 4.913984775543213, -37.385128021240234)
Part7.Rotation = Vector3.new(90, 0, -90)
Part7.Color = Color3.new(0.105882, 0.164706, 0.207843)
Part7.Size = Vector3.new(0.20000000298023224, 0.20000000298023224, 0.20000000298023224)
Part7.BottomSurface = Enum.SurfaceType.Smooth
Part7.BrickColor = BrickColor.new("Black")
Part7.CanCollide = false
Part7.TopSurface = Enum.SurfaceType.Smooth
Part7.brickColor = BrickColor.new("Black")
Part7.FormFactor = Enum.FormFactor.Custom
Part7.formFactor = Enum.FormFactor.Custom
SpecialMesh8.Parent = Part7
SpecialMesh8.Scale = Vector3.new(0.5, 0.3333333432674408, 0.1666666716337204)
SpecialMesh8.MeshType = Enum.MeshType.Wedge
Part9.Name = "S3"
Part9.Parent = Tool0
Part9.CFrame = CFrame.new(-17.1613064, 4.54605436, -37.4811211, -3.10837313e-05, 1, -1.93773531e-07, 1.50959067e-07, 1.93778206e-07, 1, 1.00000012, 3.111353e-05, -1.50965107e-07)
Part9.Orientation = Vector3.new(-90, -90, 0)
Part9.Position = Vector3.new(-17.161306381225586, 4.546054363250732, -37.48112106323242)
Part9.Rotation = Vector3.new(-90, 0, -90)
Part9.Color = Color3.new(0.960784, 0.803922, 0.188235)
Part9.Transparency = 1
Part9.Size = Vector3.new(0.20000000298023224, 0.3444444537162781, 0.20000000298023224)
Part9.BottomSurface = Enum.SurfaceType.Smooth
Part9.BrickColor = BrickColor.new("Bright yellow")
Part9.CanCollide = false
Part9.TopSurface = Enum.SurfaceType.Smooth
Part9.brickColor = BrickColor.new("Bright yellow")
Part9.FormFactor = Enum.FormFactor.Custom
Part9.formFactor = Enum.FormFactor.Custom
CylinderMesh10.Parent = Part9
CylinderMesh10.Scale = Vector3.new(0.3499999940395355, 1, 0.3499999940395355)
Part11.Name = "S4"
Part11.Parent = Tool0
Part11.CFrame = CFrame.new(-17.1613045, 4.4460721, -37.5451202, -3.10837313e-05, 1, -1.93773531e-07, 1.50959067e-07, 1.93778206e-07, 1, 1.00000012, 3.111353e-05, -1.50965107e-07)
Part11.Orientation = Vector3.new(-90, -90, 0)
Part11.Position = Vector3.new(-17.161304473876953, 4.446072101593018, -37.54512023925781)
Part11.Rotation = Vector3.new(-90, 0, -90)
Part11.Color = Color3.new(0.960784, 0.803922, 0.188235)
Part11.Transparency = 1
Part11.Size = Vector3.new(0.20000000298023224, 0.3444444537162781, 0.20000000298023224)
Part11.BottomSurface = Enum.SurfaceType.Smooth
Part11.BrickColor = BrickColor.new("Bright yellow")
Part11.CanCollide = false
Part11.TopSurface = Enum.SurfaceType.Smooth
Part11.brickColor = BrickColor.new("Bright yellow")
Part11.FormFactor = Enum.FormFactor.Custom
Part11.formFactor = Enum.FormFactor.Custom
CylinderMesh12.Parent = Part11
CylinderMesh12.Scale = Vector3.new(0.3499999940395355, 1, 0.3499999940395355)
Part13.Name = "S5"
Part13.Parent = Tool0
Part13.CFrame = CFrame.new(-17.1612988, 4.44607162, -37.6491127, -3.10837313e-05, 1, -1.93773531e-07, 1.50959067e-07, 1.93778206e-07, 1, 1.00000012, 3.111353e-05, -1.50965107e-07)
Part13.Orientation = Vector3.new(-90, -90, 0)
Part13.Position = Vector3.new(-17.161298751831055, 4.446071624755859, -37.649112701416016)
Part13.Rotation = Vector3.new(-90, 0, -90)
Part13.Color = Color3.new(0.960784, 0.803922, 0.188235)
Part13.Transparency = 1
Part13.Size = Vector3.new(0.20000000298023224, 0.3444444537162781, 0.20000000298023224)
Part13.BottomSurface = Enum.SurfaceType.Smooth
Part13.BrickColor = BrickColor.new("Bright yellow")
Part13.CanCollide = false
Part13.TopSurface = Enum.SurfaceType.Smooth
Part13.brickColor = BrickColor.new("Bright yellow")
Part13.FormFactor = Enum.FormFactor.Custom
Part13.formFactor = Enum.FormFactor.Custom
CylinderMesh14.Parent = Part13
CylinderMesh14.Scale = Vector3.new(0.3499999940395355, 1, 0.3499999940395355)
Part15.Parent = Tool0
Part15.CFrame = CFrame.new(-15.9655228, 4.86399364, -37.3851395, -3.08155104e-05, 1.00000024, -1.6397118e-07, 1.51017275e-07, 1.63975784e-07, 1, 1.00000012, 3.07857117e-05, -1.51022334e-07)
Part15.Orientation = Vector3.new(-90, -90, 0)
Part15.Position = Vector3.new(-15.965522766113281, 4.8639936447143555, -37.38513946533203)
Part15.Rotation = Vector3.new(-90, 0, -90)
Part15.Size = Vector3.new(0.20000000298023224, 0.20000000298023224, 0.20000000298023224)
Part15.BottomSurface = Enum.SurfaceType.Smooth
Part15.CanCollide = false
Part15.TopSurface = Enum.SurfaceType.Smooth
Part15.FormFactor = Enum.FormFactor.Custom
Part15.formFactor = Enum.FormFactor.Custom
BlockMesh16.Parent = Part15
BlockMesh16.Scale = Vector3.new(0.5, 0.4444444477558136, 0.1111111119389534)
Part17.Parent = Tool0
Part17.CFrame = CFrame.new(-17.4242611, 4.94197941, -37.4191284, -3.09943243e-05, 0.96592629, -0.25881809, 8.88283935e-08, 0.25881806, 0.96592617, 1.00000012, 2.9867937e-05, -8.08085497e-06)
Part17.Orientation = Vector3.new(-75, -90, 0)
Part17.Position = Vector3.new(-17.42426109313965, 4.94197940826416, -37.41912841796875)
Part17.Rotation = Vector3.new(-90, -15, -90)
Part17.Color = Color3.new(0.105882, 0.164706, 0.207843)
Part17.Size = Vector3.new(0.20000000298023224, 0.20000000298023224, 0.20000000298023224)
Part17.BottomSurface = Enum.SurfaceType.Smooth
Part17.BrickColor = BrickColor.new("Black")
Part17.CanCollide = false
Part17.TopSurface = Enum.SurfaceType.Smooth
Part17.brickColor = BrickColor.new("Black")
Part17.FormFactor = Enum.FormFactor.Custom
Part17.formFactor = Enum.FormFactor.Custom
BlockMesh18.Parent = Part17
BlockMesh18.Scale = Vector3.new(0.1666666716337204, 0.1111111119389534, 0.1666666716337204)
Part19.Name = "S6"
Part19.Parent = Tool0
Part19.CFrame = CFrame.new(-17.0783062, 4.54605818, -37.711113, -3.1769152e-05, 0.999996305, -1.93888738e-07, 1.50958016e-07, 1.93893413e-07, 0.999995947, 0.99999845, 3.03683992e-05, -1.50963984e-07)
Part19.Orientation = Vector3.new(-89.83999633789062, -127.9000015258789, 37.900001525878906)
Part19.Position = Vector3.new(-17.078306198120117, 4.546058177947998, -37.71111297607422)
Part19.Rotation = Vector3.new(-90, 0, -90)
Part19.Color = Color3.new(0.960784, 0.803922, 0.188235)
Part19.Transparency = 1
Part19.Size = Vector3.new(0.20000000298023224, 0.3444444537162781, 0.20000000298023224)
Part19.BottomSurface = Enum.SurfaceType.Smooth
Part19.BrickColor = BrickColor.new("Bright yellow")
Part19.CanCollide = false
Part19.TopSurface = Enum.SurfaceType.Smooth
Part19.brickColor = BrickColor.new("Bright yellow")
Part19.FormFactor = Enum.FormFactor.Custom
Part19.formFactor = Enum.FormFactor.Custom
CylinderMesh20.Parent = Part19
CylinderMesh20.Scale = Vector3.new(0.3499999940395355, 1, 0.3499999940395355)
Part21.Parent = Tool0
Part21.CFrame = CFrame.new(-17.3762741, 4.91398525, -37.385128, -3.08155104e-05, 1.00000024, -1.6397118e-07, 1.51017275e-07, 1.63975784e-07, 1, 1.00000012, 3.07857117e-05, -1.51022334e-07)
Part21.Orientation = Vector3.new(-90, -90, 0)
Part21.Position = Vector3.new(-17.37627410888672, 4.913985252380371, -37.385128021240234)
Part21.Rotation = Vector3.new(-90, 0, -90)
Part21.Color = Color3.new(0.105882, 0.164706, 0.207843)
Part21.Size = Vector3.new(0.20000000298023224, 0.20000000298023224, 0.20000000298023224)
Part21.BottomSurface = Enum.SurfaceType.Smooth
Part21.BrickColor = BrickColor.new("Black")
Part21.CanCollide = false
Part21.TopSurface = Enum.SurfaceType.Smooth
Part21.brickColor = BrickColor.new("Black")
Part21.FormFactor = Enum.FormFactor.Custom
Part21.formFactor = Enum.FormFactor.Custom
BlockMesh22.Parent = Part21
BlockMesh22.Scale = Vector3.new(0.5, 0.555555522441864, 0.1666666716337204)
Part23.Parent = Tool0
Part23.CFrame = CFrame.new(-17.2622929, 4.26610756, -37.4021301, 3.07857081e-05, -0.866026282, -0.499998629, -1.20173439e-07, -0.499998569, 0.866026163, -1.00000012, -2.66244679e-05, -1.54971349e-05)
Part23.Orientation = Vector3.new(-60, -90, -180)
Part23.Position = Vector3.new(-17.262292861938477, 4.266107559204102, -37.402130126953125)
Part23.Rotation = Vector3.new(-90, -30, 90)
Part23.Size = Vector3.new(0.20000000298023224, 0.20000000298023224, 0.20000000298023224)
Part23.BottomSurface = Enum.SurfaceType.Smooth
Part23.CanCollide = false
Part23.TopSurface = Enum.SurfaceType.Smooth
Part23.FormFactor = Enum.FormFactor.Custom
Part23.formFactor = Enum.FormFactor.Custom
SpecialMesh24.Parent = Part23
SpecialMesh24.Scale = Vector3.new(0.1111111119389534, 0.1111111119389534, 0.3888888955116272)
SpecialMesh24.MeshType = Enum.MeshType.Wedge
Part25.Name = "Handle"
Part25.Parent = Tool0
Part25.CFrame = CFrame.new(-17.2822933, 4.3960824, -37.385128, -1.99376609e-05, -1.87583412e-12, -1, 3.69481979e-13, 1, -1.8758415e-12, 1, -3.69520685e-13, -1.99376609e-05)
Part25.Orientation = Vector3.new(0, -90, 0)
Part25.Position = Vector3.new(-17.28229331970215, 4.396082401275635, -37.385128021240234)
Part25.Rotation = Vector3.new(0, -90, 0)
Part25.Size = Vector3.new(0.20000000298023224, 0.20000000298023224, 0.20000000298023224)
Part25.BottomSurface = Enum.SurfaceType.Smooth
Part25.TopSurface = Enum.SurfaceType.Smooth
Part25.FormFactor = Enum.FormFactor.Custom
Part25.formFactor = Enum.FormFactor.Custom
BlockMesh26.Parent = Part25
BlockMesh26.Scale = Vector3.new(0.277777761220932, 0.21111111342906952, 0.6111111044883728)
Weld27.Parent = Part25
Weld27.C0 = CFrame.new(0, 0, 0, 0.517459571, -1.65785963e-08, -0.855706811, 4.31880167e-08, 0.999997973, 6.74216949e-09, 0.855706215, -4.04451015e-08, 0.517458379)
Weld27.C1 = CFrame.new(0, 0, 0, 0.517459571, -1.65785963e-08, -0.855706811, 4.31880167e-08, 0.999997973, 6.74216949e-09, 0.855706215, -4.04451015e-08, 0.517458379)
Weld27.Part0 = Part25
Weld27.Part1 = Part25
Weld27.part1 = Part25
Weld28.Parent = Part25
Weld28.C0 = CFrame.new(0, 0, 0, 0.517460704, -1.65789356e-08, -0.855707049, 4.31883187e-08, 1, 6.74216549e-09, 0.855707109, -4.04453466e-08, 0.517460644)
Weld28.C1 = CFrame.new(0, 0, 0, 0.517460704, -1.65789356e-08, -0.855707049, 4.31883187e-08, 1, 6.74216549e-09, 0.855707109, -4.04453466e-08, 0.517460644)
Weld28.Part0 = Part25
Weld28.Part1 = Part25
Weld28.part1 = Part25
Weld29.Parent = Part25
Weld29.C0 = CFrame.new(0, 0, 0, -0.611415327, 0.000302020228, -0.791309595, -0.000398356991, 0.999999642, 0.000689466775, 0.791309595, 0.000736774469, -0.611415267)
Weld29.C1 = CFrame.new(0, 0, 0, -0.611415327, 0.000302020228, -0.791309595, -0.000398356991, 0.999999642, 0.000689466775, 0.791309595, 0.000736774469, -0.611415267)
Weld29.Part0 = Part25
Weld29.Part1 = Part25
Weld29.part1 = Part25
Weld30.Parent = Part25
Weld30.C0 = CFrame.new(0, 0, 0, 0.517459571, -1.65785963e-08, -0.855706811, 4.31880167e-08, 0.999997973, 6.74216949e-09, 0.855706215, -4.04451015e-08, 0.517458379)
Weld30.C1 = CFrame.new(0.325989723, -0.203977585, -0.149976254, 0.517469049, 1.34378737e-07, -0.85570097, -0.855700433, 2.34336866e-07, -0.517467916, 1.30985626e-07, 0.999997973, 2.36250258e-07)
Weld30.Part0 = Part25
Weld30.Part1 = Part19
Weld30.part1 = Part19
Weld31.Parent = Part25
Weld31.C0 = CFrame.new(0, 0, 0, -1, -1.50995788e-07, 1.50995774e-07, -1.5099576e-07, 0.999999881, 1.9371511e-07, -1.50995817e-07, 1.93715081e-07, -0.999999881)
Weld31.C1 = CFrame.new(0, 0, 0, -1, -1.50995788e-07, 1.50995774e-07, -1.5099576e-07, 0.999999881, 1.9371511e-07, -1.50995817e-07, 1.93715081e-07, -0.999999881)
Weld31.Part0 = Part25
Weld31.Part1 = Part25
Weld31.part1 = Part25
Weld32.Parent = Part25
Weld32.C0 = CFrame.new(0, 0, 0, 0.517459571, -1.65785963e-08, -0.855706811, 4.31880167e-08, 0.999997973, 6.74216949e-09, 0.855706215, -4.04451015e-08, 0.517458379)
Weld32.C1 = CFrame.new(3.33786011e-06, -0.127979279, -0.278954506, 0.51746881, 1.34436945e-07, -0.855701149, -0.855700612, 2.04418285e-07, -0.517467678, 1.05354147e-07, 0.999997973, 2.20818094e-07)
Weld32.Part0 = Part25
Weld32.Part1 = Part122
Weld32.part1 = Part122
Weld33.Parent = Part25
Weld33.C0 = CFrame.new(0, 0, 0, 0.517459571, -1.65785963e-08, -0.855706811, 4.31880167e-08, 0.999997973, 6.74216949e-09, 0.855706215, -4.04451015e-08, 0.517458379)
Weld33.C1 = CFrame.new(0.0620136261, -0.466924667, -0.278954029, 0.51746881, 1.34436945e-07, -0.855701149, -0.855700612, 2.04360163e-07, -0.517467678, 1.05304416e-07, 0.999997973, 2.20787996e-07)
Weld33.Part0 = Part25
Weld33.Part1 = Part124
Weld33.part1 = Part124
Weld34.Parent = Part25
Weld34.C0 = CFrame.new(0, 0, 0, 0.517459571, -1.65785963e-08, -0.855706811, 4.31880167e-08, 0.999997973, 6.74216949e-09, 0.855706215, -4.04451015e-08, 0.517458379)
Weld34.C1 = CFrame.new(0.0450124741, -0.35594368, -0.21196413, 0.51746881, 1.34436945e-07, -0.855701149, -0.855700612, 2.04360163e-07, -0.517467678, 1.05304416e-07, 0.999997973, 2.20787996e-07)
Weld34.Part0 = Part25
Weld34.Part1 = Part126
Weld34.part1 = Part126
Weld35.Parent = Part25
Weld35.C0 = CFrame.new(0, 0, 0, 0.517459571, -1.65785963e-08, -0.855706811, 4.31880167e-08, 0.999997973, 6.74216949e-09, 0.855706215, -4.04451015e-08, 0.517458379)
Weld35.C1 = CFrame.new(0.211993217, -0.127979279, -0.150975227, 0.51746881, 1.34436945e-07, -0.855701149, -0.855700612, 2.04360163e-07, -0.517467678, 1.05304416e-07, 0.999997973, 2.20787996e-07)
Weld35.Part0 = Part25
Weld35.Part1 = Part128
Weld35.part1 = Part128
Weld36.Parent = Part25
Weld36.C0 = CFrame.new(0, 0, 0, 0.517459571, -1.65785963e-08, -0.855706811, 4.31880167e-08, 0.999997973, 6.74216949e-09, 0.855706215, -4.04451015e-08, 0.517458379)
Weld36.C1 = CFrame.new(0.117981911, 0.355947495, -0.150000095, -1.05361785e-07, -0.999997973, -2.20691504e-07, 0.855711818, -2.04356397e-07, 0.517449081, -0.517450273, -1.34329142e-07, 0.855712414)
Weld36.Part0 = Part25
Weld36.Part1 = Part130
Weld36.part1 = Part130
Weld37.Parent = Part25
Weld37.C0 = CFrame.new(0, 0, 0, 0.517459571, -1.65785963e-08, -0.855706811, 4.31880167e-08, 0.999997973, 6.74216949e-09, 0.855706215, -4.04451015e-08, 0.517458379)
Weld37.C1 = CFrame.new(0.217006207, -0.466928482, -0.0899858475, 0.51746881, 1.34436945e-07, -0.855701149, -0.855700612, 2.04418399e-07, -0.517467678, 1.0535426e-07, 0.999997973, 2.20818151e-07)
Weld37.Part0 = Part25
Weld37.Part1 = Part132
Weld37.part1 = Part132
Weld38.Parent = Part25
Weld38.C0 = CFrame.new(0, 0, 0, 0.517459571, -1.65785963e-08, -0.855706811, 4.31880167e-08, 0.999997973, 6.74216949e-09, 0.855706215, -4.04451015e-08, 0.517458379)
Weld38.C1 = CFrame.new(3.33786011e-06, -0.127979279, -0.278954029, 0.51746881, 1.34436945e-07, -0.855701149, -0.855700612, 2.04418399e-07, -0.517467678, 1.0535426e-07, 0.999997973, 2.20818151e-07)
Weld38.Part0 = Part25
Weld38.Part1 = Part134
Weld38.part1 = Part134
Weld39.Parent = Part25
Weld39.C0 = CFrame.new(0, 0, 0, 0.517459571, -1.65785963e-08, -0.855706811, 4.31880167e-08, 0.999997973, 6.74216949e-09, 0.855706215, -4.04451015e-08, 0.517458379)
Weld39.C1 = CFrame.new(0.150974751, -0.127986908, 0.211994171, -1.05361821e-07, -0.999997973, -2.20691547e-07, -0.855711818, 2.04356439e-07, -0.517449081, 0.517450273, 1.34329156e-07, -0.855712414)
Weld39.Part0 = Part25
Weld39.Part1 = Part138
Weld39.part1 = Part138
Weld40.Parent = Part25
Weld40.C0 = CFrame.new(0, 0, 0, 0.517459571, -1.65785963e-08, -0.855706811, 4.31880167e-08, 0.999997973, 6.74216949e-09, 0.855706215, -4.04451015e-08, 0.517458379)
Weld40.C1 = CFrame.new(-2.14576721e-05, -0.543912888, 0.0899829865, 0.51746881, 1.78120047e-07, -0.855701149, 0.855700612, -2.04535809e-07, 0.517467678, -8.28500504e-08, -0.999997973, -2.58258666e-07)
Weld40.Part0 = Part25
Weld40.Part1 = Part143
Weld40.part1 = Part143
Weld41.Parent = Part25
Weld41.C0 = CFrame.new(0, 0, 0, 0.517459571, -1.65785963e-08, -0.855706811, 4.31880167e-08, 0.999997973, 6.74216949e-09, 0.855706215, -4.04451015e-08, 0.517458379)
Weld41.C1 = CFrame.new(-1.8119812e-05, 0.4829216, -0.106981754, 0.51746881, 1.34436945e-07, -0.855701149, -0.855700612, 2.04418455e-07, -0.517467678, 1.05354289e-07, 0.999997973, 2.2081818e-07)
Weld41.Part0 = Part25
Weld41.Part1 = Part145
Weld41.part1 = Part145
Weld42.Parent = Part25
Weld42.C0 = CFrame.new(0, 0, 0, 0.517459571, -1.65785963e-08, -0.855706811, 4.31880167e-08, 0.999997973, 6.74216949e-09, 0.855706215, -4.04451015e-08, 0.517458379)
Weld42.C1 = CFrame.new(-2.62260437e-05, -0.704891205, -0.331943989, 0.51746881, 1.78120047e-07, -0.855701149, 0.855700612, -2.04535809e-07, 0.517467678, -8.28500504e-08, -0.999997973, -2.58258666e-07)
Weld42.Part0 = Part25
Weld42.Part1 = Part147
Weld42.part1 = Part147
Weld43.Parent = Part25
Weld43.C0 = CFrame.new(0, 0, 0, 0.517459571, -1.65785963e-08, -0.855706811, 4.31880167e-08, 0.999997973, 6.74216949e-09, 0.855706215, -4.04451015e-08, 0.517458379)
Weld43.C1 = CFrame.new(-1.57356262e-05, 0.111982346, 0.427932739, -0.51746881, -1.34436945e-07, 0.855701149, -1.05253996e-07, -0.999997973, -2.20757499e-07, 0.855700612, -2.04301216e-07, 0.517467678)
Weld43.Part0 = Part25
Weld43.Part1 = Part149
Weld43.part1 = Part149
Weld44.Parent = Part25
Weld44.C0 = CFrame.new(0, 0, 0, 0.517459571, -1.65785963e-08, -0.855706811, 4.31880167e-08, 0.999997973, 6.74216949e-09, 0.855706215, -4.04451015e-08, 0.517458379)
Weld44.C1 = CFrame.new(2.52723694e-05, -0.721887589, 0.520908833, -0.51746881, -1.34436945e-07, 0.855701149, 0.855700612, -2.04418455e-07, 0.517467678, 1.05354289e-07, 0.999997973, 2.2081818e-07)
Weld44.Part0 = Part25
Weld44.Part1 = Part151
Weld44.part1 = Part151
Weld45.Parent = Part25
Weld45.C0 = CFrame.new(0, 0, 0, 0.517459571, -1.65785963e-08, -0.855706811, 4.31880167e-08, 0.999997973, 6.74216949e-09, 0.855706215, -4.04451015e-08, 0.517458379)
Weld45.C1 = CFrame.new(0.454929352, 5.7220459e-06, -0.19596529, -0.855711818, 2.04415556e-07, -0.517449081, -0.517450213, -1.34441436e-07, 0.855712354, 1.05354296e-07, 0.999997973, 2.20818222e-07)
Weld45.Part0 = Part25
Weld45.Part1 = Part153
Weld45.part1 = Part153
Weld46.Parent = Part25
Weld46.C0 = CFrame.new(0, 0, 0, 0.517459571, -1.65785963e-08, -0.855706811, 4.31880167e-08, 0.999997973, 6.74216949e-09, 0.855706215, -4.04451015e-08, 0.517458379)
Weld46.C1 = CFrame.new(3.43322754e-05, -0.905853271, -0.383934975, 0.51746881, 1.34436945e-07, -0.855701149, -0.855700612, 2.04418455e-07, -0.517467678, 1.05354289e-07, 0.999997973, 2.2081818e-07)
Weld46.Part0 = Part25
Weld46.Part1 = Part155
Weld46.part1 = Part155
Weld47.Parent = Part25
Weld47.C0 = CFrame.new(0, 0, 0, 0.517459571, -1.65785963e-08, -0.855706811, 4.31880167e-08, 0.999997973, 6.74216949e-09, 0.855706215, -4.04451015e-08, 0.517458379)
Weld47.C1 = CFrame.new(7.62939453e-06, -0.177970886, -0.0619883537, 0.51746881, 1.34436945e-07, -0.855701149, -0.855700612, 2.04418512e-07, -0.517467678, 1.05354346e-07, 0.999997973, 2.20818208e-07)
Weld47.Part0 = Part25
Weld47.Part1 = Part157
Weld47.part1 = Part157
Weld48.Parent = Part25
Weld48.C0 = CFrame.new(0, 0, 0, 0.517459571, -1.65785963e-08, -0.855706811, 4.31880167e-08, 0.999997973, 6.74216949e-09, 0.855706215, -4.04451015e-08, 0.517458379)
Weld48.C1 = CFrame.new(4.529953e-05, -0.383932114, 1.36178207, 0.51746875, 4.70126338e-08, -0.855701268, 2.26999759e-07, 0.999997973, 1.92213861e-07, 0.855700672, -2.93708808e-07, 0.517467558)
Weld48.Part0 = Part25
Weld48.Part1 = Part159
Weld48.part1 = Part159
Weld49.Parent = Part25
Weld49.C0 = CFrame.new(0, 0, 0, 0.517459571, -1.65785963e-08, -0.855706811, 4.31880167e-08, 0.999997973, 6.74216949e-09, 0.855706215, -4.04451015e-08, 0.517458379)
Weld49.C1 = CFrame.new(0.0389885902, -0.304946899, 0.283950329, 0.51746881, 1.34436945e-07, -0.855701149, 0.855700612, -2.04418512e-07, 0.517467678, -1.05354346e-07, -0.999997973, -2.20818208e-07)
Weld49.Part0 = Part25
Weld49.Part1 = Part161
Weld49.part1 = Part161
Weld50.Parent = Part25
Weld50.C0 = CFrame.new(0, 0, 0, 0.517459571, -1.65785963e-08, -0.855706811, 4.31880167e-08, 0.999997973, 6.74216949e-09, 0.855706215, -4.04451015e-08, 0.517458379)
Weld50.C1 = CFrame.new(-1.57356262e-05, 0.437934875, 0.0319952965, 0.51746881, 9.06956856e-08, -0.855701149, -0.855700612, 2.04475754e-07, -0.517467678, 1.28038124e-07, 0.999997973, 1.83418308e-07)
Weld50.Part0 = Part25
Weld50.Part1 = Part163
Weld50.part1 = Part163
Weld51.Parent = Part25
Weld51.C0 = CFrame.new(0, 0, 0, 0.517459571, -1.65785963e-08, -0.855706811, 4.31880167e-08, 0.999997973, 6.74216949e-09, 0.855706215, -4.04451015e-08, 0.517458379)
Weld51.C1 = CFrame.new(-2.33650208e-05, -0.609903336, -0.0989832878, 0.51746881, 1.78120047e-07, -0.855701149, 0.855700612, -2.04477658e-07, 0.517467678, -8.2800284e-08, -0.999997973, -2.58228567e-07)
Weld51.Part0 = Part25
Weld51.Part1 = Part165
Weld51.part1 = Part165
Weld52.Parent = Part25
Weld52.C0 = CFrame.new(0, 0, 0, 0.517459571, -1.65785963e-08, -0.855706811, 4.31880167e-08, 0.999997973, 6.74216949e-09, 0.855706215, -4.04451015e-08, 0.517458379)
Weld52.C1 = CFrame.new(-7.15255737e-06, -0.0379929543, 0.183971405, -0.51746881, -1.34436945e-07, 0.855701149, -1.05204229e-07, -0.999997973, -2.20727415e-07, 0.855700612, -2.04243065e-07, 0.517467678)
Weld52.Part0 = Part25
Weld52.Part1 = Part167
Weld52.part1 = Part167
Weld53.Parent = Part25
Weld53.C0 = CFrame.new(0, 0, 0, 0.517459571, -1.65785963e-08, -0.855706811, 4.31880167e-08, 0.999997973, 6.74216949e-09, 0.855706215, -4.04451015e-08, 0.517458379)
Weld53.C1 = CFrame.new(-0.0109863281, -0.35594368, -0.111982346, 0.51746881, 1.34436945e-07, -0.855701149, -0.855700612, 2.04418512e-07, -0.517467678, 1.05354346e-07, 0.999997973, 2.20818208e-07)
Weld53.Part0 = Part25
Weld53.Part1 = Part169
Weld53.part1 = Part169
Weld54.Parent = Part25
Weld54.C0 = CFrame.new(0, 0, 0, 0.517459571, -1.65785963e-08, -0.855706811, 4.31880167e-08, 0.999997973, 6.74216949e-09, 0.855706215, -4.04451015e-08, 0.517458379)
Weld54.C1 = CFrame.new(1.8119812e-05, -0.489919662, -0.467918396, 0.51746881, 1.34436945e-07, -0.855701149, -0.855700612, 2.04418512e-07, -0.517467678, 1.05354346e-07, 0.999997973, 2.20818208e-07)
Weld54.Part0 = Part25
Weld54.Part1 = Part171
Weld54.part1 = Part171
Weld55.Parent = Part25
Weld55.C0 = CFrame.new(0, 0, 0, 0.517459571, -1.65785963e-08, -0.855706811, 4.31880167e-08, 0.999997973, 6.74216949e-09, 0.855706215, -4.04451015e-08, 0.517458379)
Weld55.C1 = CFrame.new(1.04904175e-05, 0.259960175, 0.106981277, -0.51746881, -9.06956856e-08, 0.855701149, -0.855700612, 1.74673474e-07, -0.517467678, -1.02536262e-07, -0.999997973, -1.67996546e-07)
Weld55.Part0 = Part25
Weld55.Part1 = Part173
Weld55.part1 = Part173
Weld56.Parent = Part25
Weld56.C0 = CFrame.new(0, 0, 0, 0.517459571, -1.65785963e-08, -0.855706811, 4.31880167e-08, 0.999997973, 6.74216949e-09, 0.855706215, -4.04451015e-08, 0.517458379)
Weld56.C1 = CFrame.new(-2.14576721e-05, 0.543912888, 0.0989842415, 0.51746881, 1.34436945e-07, -0.855701149, -0.855700612, 2.04418512e-07, -0.517467678, 1.05354346e-07, 0.999997973, 2.20818208e-07)
Weld56.Part0 = Part25
Weld56.Part1 = Part175
Weld56.part1 = Part175
Weld57.Parent = Part25
Weld57.C0 = CFrame.new(0, 0, 0, 0.517459571, -1.65785963e-08, -0.855706811, 4.31880167e-08, 0.999997973, 6.74216949e-09, 0.855706215, -4.04451015e-08, 0.517458379)
Weld57.C1 = CFrame.new(-1.09672546e-05, 0.298948288, -0.133975506, 0.51746881, 1.34436945e-07, -0.855701149, -0.855700612, 2.04418512e-07, -0.517467678, 1.05354346e-07, 0.999997973, 2.20818208e-07)
Weld57.Part0 = Part25
Weld57.Part1 = Part177
Weld57.part1 = Part177
Weld58.Parent = Part25
Weld58.C0 = CFrame.new(0, 0, 0, 0.517459571, -1.65785963e-08, -0.855706811, 4.31880167e-08, 0.999997973, 6.74216949e-09, 0.855706215, -4.04451015e-08, 0.517458379)
Weld58.C1 = CFrame.new(3.95774841e-05, -1.05582809, -0.467916489, 0.51746881, 1.34436945e-07, -0.855701149, -0.855700612, 2.04418512e-07, -0.517467678, 1.05354346e-07, 0.999997973, 2.20818208e-07)
Weld58.Part0 = Part25
Weld58.Part1 = Part179
Weld58.part1 = Part179
Weld59.Parent = Part25
Weld59.C0 = CFrame.new(0, 0, 0, 0.517459571, -1.65785963e-08, -0.855706811, 4.31880167e-08, 0.999997973, 6.74216949e-09, 0.855706215, -4.04451015e-08, 0.517458379)
Weld59.C1 = CFrame.new(-1.43051147e-05, 0.343942642, 0.0659856796, 0.51746875, 9.07539075e-08, -0.855701268, -0.855700672, 2.34219797e-07, -0.517467558, 1.53460093e-07, 0.999997973, 1.98859709e-07)
Weld59.Part0 = Part25
Weld59.Part1 = Part181
Weld59.part1 = Part181
Weld60.Parent = Part25
Weld60.C0 = CFrame.new(0, 0, 0, 0.517459571, -1.65785963e-08, -0.855706811, 4.31880167e-08, 0.999997973, 6.74216949e-09, 0.855706215, -4.04451015e-08, 0.517458379)
Weld60.C1 = CFrame.new(-0.0389947891, -0.37893343, 0.176973343, -0.51746881, -1.34436945e-07, 0.855701149, 1.05204229e-07, 0.999997973, 2.20727415e-07, -0.855700612, 2.04243065e-07, -0.517467678)
Weld60.Part0 = Part25
Weld60.Part1 = Part183
Weld60.part1 = Part183
Weld61.Parent = Part25
Weld61.C0 = CFrame.new(0, 0, 0, 0.517459571, -1.65785963e-08, -0.855706811, 4.31880167e-08, 0.999997973, 6.74216949e-09, 0.855706215, -4.04451015e-08, 0.517458379)
Weld61.C1 = CFrame.new(0.0389914513, -0.226966858, 0.345939159, 0.51746881, 1.34436945e-07, -0.855701149, 0.855700612, -2.04418512e-07, 0.517467678, -1.05354346e-07, -0.999997973, -2.20818208e-07)
Weld61.Part0 = Part25
Weld61.Part1 = Part185
Weld61.part1 = Part185
Weld62.Parent = Part25
Weld62.C0 = CFrame.new(0, 0, 0, 0.517459571, -1.65785963e-08, -0.855706811, 4.31880167e-08, 0.999997973, 6.74216949e-09, 0.855706215, -4.04451015e-08, 0.517458379)
Weld62.C1 = CFrame.new(0.0380029678, -0.378932953, 0.176973343, -0.51746881, -1.34436945e-07, 0.855701149, 1.05204229e-07, 0.999997973, 2.20727415e-07, -0.855700612, 2.04243065e-07, -0.517467678)
Weld62.Part0 = Part25
Weld62.Part1 = Part187
Weld62.part1 = Part187
Weld63.Parent = Part25
Weld63.C0 = CFrame.new(0, 0, 0, 0.517459571, -1.65785963e-08, -0.855706811, 4.31880167e-08, 0.999997973, 6.74216949e-09, 0.855706215, -4.04451015e-08, 0.517458379)
Weld63.C1 = CFrame.new(-0.0380077362, -0.28295517, 0.283949852, 0.51746881, 1.34436945e-07, -0.855701149, 0.855700612, -2.04418512e-07, 0.517467678, -1.05354346e-07, -0.999997973, -2.20818208e-07)
Weld63.Part0 = Part25
Weld63.Part1 = Part189
Weld63.part1 = Part189
Weld64.Parent = Part25
Weld64.C0 = CFrame.new(0, 0, 0, 0.517459571, -1.65785963e-08, -0.855706811, 4.31880167e-08, 0.999997973, 6.74216949e-09, 0.855706215, -4.04451015e-08, 0.517458379)
Weld64.C1 = CFrame.new(-3.33786011e-06, 0.0989837646, -0.25695467, 0.51746881, 1.34436945e-07, -0.855701149, -0.855700612, 2.04418512e-07, -0.517467678, 1.05354346e-07, 0.999997973, 2.20818208e-07)
Weld64.Part0 = Part25
Weld64.Part1 = Part191
Weld64.part1 = Part191
Weld65.Parent = Part25
Weld65.C0 = CFrame.new(0, 0, 0, 0.517459571, -1.65785963e-08, -0.855706811, 4.31880167e-08, 0.999997973, 6.74216949e-09, 0.855706215, -4.04451015e-08, 0.517458379)
Weld65.C1 = CFrame.new(5.24520874e-06, -0.0240306854, 0.174347878, -0.51746881, -1.34436945e-07, 0.855701149, 0.741059482, 0.499996841, 0.448140889, -0.427848518, 0.866024911, -0.258732617)
Weld65.Part0 = Part25
Weld65.Part1 = Part193
Weld65.part1 = Part193
Weld66.Parent = Part25
Weld66.C0 = CFrame.new(0, 0, 0, 0.517459571, -1.65785963e-08, -0.855706811, 4.31880167e-08, 0.999997973, 6.74216949e-09, 0.855706215, -4.04451015e-08, 0.517458379)
