-- // converted using mech's animoduler
local cfr = CFrame.new

return {
	{
		tm = 0;
		["Torso"] = {
			tm = .017;
			cf = cfr(0,0,0,1,0,0,0,1,0,0,0,1);
			es = "Linear";
			ed = "In";
		};
		["Head"] = {
			tm = .017;
			cf = cfr(0,0,0,1,0,0,0,1,0,0,0,1);
			es = "Linear";
			ed = "In";
		};
		["Left Arm"] = {
			tm = .017;
			cf = cfr(0,0,0,1,0,0,0,1,0,0,0,1);
			es = "Linear";
			ed = "In";
		};
		["Right Arm"] = {
			tm = .017;
			cf = cfr(0,0,0,1,0,0,0,1,0,0,0,1);
			es = "Linear";
			ed = "In";
		};
		["Handle"] = {
			tm = .017;
			cf = cfr(0,0,0,1,0,0,0,1,0,0,0,1);
			es = "Linear";
			ed = "In";
		};
		["Left Leg"] = {
			tm = .017;
			cf = cfr(0,0,0,1,0,0,0,1,0,0,0,1);
			es = "Linear";
			ed = "In";
		};
		["Right Leg"] = {
			tm = .017;
			cf = cfr(0,0,0,1,0,0,0,1,0,0,0,1);
			es = "Linear";
			ed = "In";
		};
	};
	{
		tm = .017;
		["Torso"] = {
			tm = .016;
			cf = cfr(0,0,0,.992,-.124,-.007,.124,.992,.003,.006,-.004,1);
			es = "Linear";
			ed = "In";
		};
		["Head"] = {
			tm = .016;
			cf = cfr(0,0,0,.993,.119,.008,-.119,.993,.001,-.008,-.002,1);
			es = "Linear";
			ed = "In";
		};
		["Left Arm"] = {
			tm = .016;
			cf = cfr(0,0,0,.998,-.013,.062,.012,1,.018,-.063,-.017,.998);
			es = "Linear";
			ed = "In";
		};
		["Right Arm"] = {
			tm = .016;
			cf = cfr(.028,-.046,.057,.99,-.107,.091,.093,.984,.153,-.106,-.143,.984);
			es = "Linear";
			ed = "In";
		};
		["Handle"] = {
			tm = .016;
			cf = cfr(.03,.109,.008,1,.011,.001,-.011,.998,.054,0,-.054,.999);
			es = "Linear";
			ed = "In";
		};
		["Left Leg"] = {
			tm = .016;
			cf = cfr(0,0,0,1,0,0,0,1,0,0,0,1);
			es = "Linear";
			ed = "In";
		};
		["Right Leg"] = {
			tm = .016;
			cf = cfr(0,0,0,1,0,0,0,1,0,0,0,1);
			es = "Linear";
			ed = "In";
		};
	};
	{
		tm = .033;
		["Torso"] = {
			tm = .017;
			cf = cfr(0,0,0,.906,-.422,-.025,.423,.906,.007,.019,-.016,1);
			es = "Linear";
			ed = "In";
		};
		["Head"] = {
			tm = .017;
			cf = cfr(0,0,0,.914,.405,.027,-.405,.914,-.001,-.025,-.01,1);
			es = "Linear";
			ed = "In";
		};
		["Left Arm"] = {
			tm = .017;
			cf = cfr(0,0,0,.976,-.048,.211,.036,.997,.065,-.213,-.056,.975);
			es = "Linear";
			ed = "In";
		};
		["Right Arm"] = {
			tm = .017;
			cf = cfr(.096,-.157,.194,.858,-.455,.238,.245,.771,.588,-.451,-.446,.773);
			es = "Linear";
			ed = "In";
		};
		["Handle"] = {
			tm = .017;
			cf = cfr(.1,.37,.029,.999,.038,.005,-.038,.983,.182,.002,-.182,.983);
			es = "Linear";
			ed = "In";
		};
		["Left Leg"] = {
			tm = .017;
			cf = cfr(0,0,0,1,0,0,0,1,0,0,0,1);
			es = "Linear";
			ed = "In";
		};
		["Right Leg"] = {
			tm = .017;
			cf = cfr(0,0,0,1,0,0,0,1,0,0,0,1);
			es = "Linear";
			ed = "In";
		};
	};
	{
		tm = .05;
		["Torso"] = {
			tm = .017;
			cf = cfr(0,0,0,.682,-.73,-.047,.731,.682,.004,.029,-.037,.999);
			es = "Linear";
			ed = "In";
		};
		["Head"] = {
			tm = .017;
			cf = cfr(0,0,0,.709,.704,.048,-.704,.71,-.011,-.042,-.026,.999);
			es = "Linear";
			ed = "In";
		};
		["Left Arm"] = {
			tm = .017;
			cf = cfr(0,0,0,.92,-.098,.38,.054,.991,.124,-.388,-.094,.917);
			es = "Linear";
			ed = "In";
		};
		["Right Arm"] = {
			tm = .017;
			cf = cfr(.177,-.288,.357,.519,-.847,.12,.134,.219,.967,-.844,-.485,.227);
			es = "Linear";
			ed = "In";
		};
		["Handle"] = {
			tm = .017;
			cf = cfr(.185,.681,.053,.997,.072,.015,-.072,.941,.331,.01,-.332,.943);
			es = "Linear";
			ed = "In";
		};
		["Left Leg"] = {
			tm = .017;
			cf = cfr(0,0,0,1,0,0,0,1,0,0,0,1);
			es = "Linear";
			ed = "In";
		};
		["Right Leg"] = {
			tm = .017;
			cf = cfr(0,0,0,1,0,0,0,1,0,0,0,1);
			es = "Linear";
			ed = "In";
		};
	};
	{
		tm = .067;
		["Torso"] = {
			tm = .016;
			cf = cfr(0,0,0,.424,-.903,-.063,.905,.425,-.005,.031,-.055,.998);
			es = "Linear";
			ed = "In";
		};
		["Head"] = {
			tm = .016;
			cf = cfr(0,0,0,.47,.88,.062,-.881,.472,-.024,-.05,-.044,.998);
			es = "Linear";
			ed = "In";
		};
		["Left Arm"] = {
			tm = .016;
			cf = cfr(0,0,0,.849,-.144,.508,.061,.983,.175,-.525,-.118,.843);
			es = "Linear";
			ed = "In";
		};
		["Right Arm"] = {
			tm = .016;
			cf = cfr(.245,-.399,.493,.258,-.952,-.166,-.15,-.209,.966,-.954,-.224,-.197);
			es = "Linear";
			ed = "In";
		};
		["Handle"] = {
			tm = .016;
			cf = cfr(.255,.942,.073,.994,.104,.028,-.106,.887,.45,.021,-.45,.893);
			es = "Linear";
			ed = "In";
		};
		["Left Leg"] = {
			tm = .016;
			cf = cfr(0,0,0,1,0,0,0,1,0,0,0,1);
			es = "Linear";
			ed = "In";
		};
		["Right Leg"] = {
			tm = .016;
			cf = cfr(0,0,0,1,0,0,0,1,0,0,0,1);
			es = "Linear";
			ed = "In";
		};
	};
	{
		tm = .083;
		["Torso"] = {
			tm = .017;
			cf = cfr(0,0,0,.308,-.949,-.068,.951,.31,-.01,.031,-.062,.998);
			es = "Linear";
			ed = "In";
		};
		["Head"] = {
			tm = .017;
			cf = cfr(0,0,0,.362,.93,.067,-.931,.364,-.03,-.052,-.051,.997);
			es = "Linear";
			ed = "In";
		};
		["Left Arm"] = {
			tm = .017;
			cf = cfr(0,0,0,.814,-.163,.558,.062,.979,.197,-.578,-.126,.806);
			es = "Linear";
			ed = "In";
		};
		["Right Arm"] = {
			tm = .017;
			cf = cfr(.273,-.445,.551,.188,-.939,-.288,-.273,-.332,.903,-.944,-.092,-.318);
			es = "Linear";
			ed = "In";
		};
		["Handle"] = {
			tm = .017;
			cf = cfr(.285,1.051,.081,.991,.129,.039,-.131,.858,.497,.031,-.497,.867);
			es = "Linear";
			ed = "In";
		};
		["Left Leg"] = {
			tm = .017;
			cf = cfr(0,0,0,1,0,0,0,1,0,0,0,1);
			es = "Linear";
			ed = "In";
		};
		["Right Leg"] = {
			tm = .017;
			cf = cfr(0,0,0,1,0,0,0,1,0,0,0,1);
			es = "Linear";
			ed = "In";
		};
	};
	{
		tm = .1;
		["Torso"] = {
			tm = .017;
			cf = cfr(0,0,0,.312,-.948,-.064,.949,.314,-.013,.032,-.057,.998);
			es = "Linear";
			ed = "In";
		};
		["Head"] = {
			tm = .017;
			cf = cfr(0,0,0,.369,.927,.065,-.928,.372,-.029,-.051,-.05,.997);
			es = "Linear";
			ed = "In";
		};
		["Left Arm"] = {
			tm = .017;
			cf = cfr(0,0,0,.821,-.175,.544,.076,.977,.199,-.566,-.122,.815);
			es = "Linear";
			ed = "In";
		};
		["Right Arm"] = {
			tm = .017;
			cf = cfr(.273,-.445,.551,.194,-.937,-.29,-.275,-.336,.901,-.942,-.095,-.322);
			es = "Linear";
			ed = "In";
		};
		["Handle"] = {
			tm = .017;
			cf = cfr(.285,1.051,.078,.988,.146,.043,-.148,.855,.497,.036,-.498,.867);
			es = "Linear";
			ed = "In";
		};
		["Left Leg"] = {
			tm = .017;
			cf = cfr(0,0,0,1,0,0,0,1,0,0,0,1);
			es = "Linear";
			ed = "In";
		};
		["Right Leg"] = {
			tm = .017;
			cf = cfr(0,0,0,1,0,0,0,1,0,0,0,1);
			es = "Linear";
			ed = "In";
		};
	};
	{
		tm = .117;
		["Torso"] = {
			tm = .016;
			cf = cfr(0,0,0,.328,-.943,-.052,.944,.33,-.021,.037,-.043,.998);
			es = "Linear";
			ed = "In";
		};
		["Head"] = {
			tm = .016;
			cf = cfr(0,0,0,.395,.917,.063,-.917,.397,-.027,-.049,-.047,.998);
			es = "Linear";
			ed = "In";
		};
		["Left Arm"] = {
			tm = .016;
			cf = cfr(0,0,0,.839,-.202,.505,.111,.972,.205,-.532,-.116,.839);
			es = "Linear";
			ed = "In";
		};
		["Right Arm"] = {
			tm = .016;
			cf = cfr(.272,-.444,.55,.202,-.935,-.291,-.274,-.339,.9,-.94,-.102,-.325);
			es = "Linear";
			ed = "In";
		};
		["Handle"] = {
			tm = .016;
			cf = cfr(.284,1.05,.069,.986,.16,.047,-.162,.853,.497,.039,-.497,.867);
			es = "Linear";
			ed = "In";
		};
		["Left Leg"] = {
			tm = .016;
			cf = cfr(0,0,0,1,0,0,0,1,0,0,0,1);
			es = "Linear";
			ed = "In";
		};
		["Right Leg"] = {
			tm = .016;
			cf = cfr(0,0,0,1,0,0,0,1,0,0,0,1);
			es = "Linear";
			ed = "In";
		};
	};
	{
		tm = .133;
		["Torso"] = {
			tm = .0169;
			cf = cfr(0,0,0,.361,-.932,-.036,.931,.363,-.033,.044,-.022,.999);
			es = "Linear";
			ed = "In";
		};
		["Head"] = {
			tm = .0169;
			cf = cfr(0,0,0,.442,.895,.059,-.896,.444,-.023,-.047,-.043,.998);
			es = "Linear";
			ed = "In";
		};
		["Left Arm"] = {
			tm = .0169;
			cf = cfr(0,0,0,.867,-.235,.44,.156,.966,.208,-.474,-.112,.873);
			es = "Linear";
			ed = "In";
		};
		["Right Arm"] = {
			tm = .0169;
			cf = cfr(.268,-.443,.549,.216,-.932,-.29,-.27,-.343,.9,-.938,-.116,-.326);
			es = "Linear";
			ed = "In";
		};
		["Handle"] = {
			tm = .0169;
			cf = cfr(.283,1.046,.056,.984,.17,.049,-.172,.851,.496,.042,-.497,.867);
			es = "Linear";
			ed = "In";
		};
		["Left Leg"] = {
			tm = .0169;
			cf = cfr(0,0,0,1,0,0,0,1,0,0,0,1);
			es = "Linear";
			ed = "In";
		};
		["Right Leg"] = {
			tm = .0169;
			cf = cfr(0,0,0,1,0,0,0,1,0,0,0,1);
			es = "Linear";
			ed = "In";
		};
	};
	{
		tm = .15;
		["Torso"] = {
			tm = .0170;
			cf = cfr(0,0,0,.417,-.909,-.018,.907,.418,-.048,.051,.003,.999);
			es = "Linear";
			ed = "In";
		};
		["Head"] = {
			tm = .0170;
			cf = cfr(0,0,0,.515,.856,.055,-.856,.516,-.018,-.044,-.037,.998);
			es = "Linear";
			ed = "In";
		};
		["Left Arm"] = {
			tm = .0170;
			cf = cfr(0,0,0,.899,-.263,.351,.2,.958,.205,-.39,-.114,.914);
			es = "Linear";
			ed = "In";
		};
		["Right Arm"] = {
			tm = .0170;
			cf = cfr(.261,-.441,.546,.24,-.928,-.287,-.261,-.346,.901,-.935,-.142,-.325);
			es = "Linear";
			ed = "In";
		};
		["Handle"] = {
			tm = .0170;
			cf = cfr(.281,1.039,.04,.983,.177,.051,-.179,.851,.494,.044,-.495,.868);
			es = "Linear";
			ed = "In";
		};
		["Left Leg"] = {
			tm = .0170;
			cf = cfr(0,0,0,1,0,0,0,1,0,0,0,1);
			es = "Linear";
			ed = "In";
		};
		["Right Leg"] = {
			tm = .0170;
			cf = cfr(0,0,0,1,0,0,0,1,0,0,0,1);
			es = "Linear";
			ed = "In";
		};
	};
	{
		tm = .167;
		["Torso"] = {
			tm = .0159;
			cf = cfr(0,0,0,.501,-.866,-.001,.864,.5,-.065,.057,.032,.998);
			es = "Linear";
			ed = "In";
		};
		["Head"] = {
			tm = .0159;
			cf = cfr(0,0,0,.613,.788,.05,-.789,.615,-.014,-.042,-.031,.999);
			es = "Linear";
			ed = "In";
		};
		["Left Arm"] = {
			tm = .0159;
			cf = cfr(0,0,0,.932,-.273,.238,.231,.954,.192,-.28,-.124,.952);
			es = "Linear";
			ed = "In";
		};
		["Right Arm"] = {
			tm = .0159;
			cf = cfr(.249,-.437,.542,.278,-.919,-.28,-.244,-.35,.905,-.929,-.183,-.322);
			es = "Linear";
			ed = "In";
		};
		["Handle"] = {
			tm = .0159;
			cf = cfr(.277,1.028,.021,.982,.183,.051,-.184,.851,.491,.046,-.492,.869);
			es = "Linear";
			ed = "In";
		};
		["Left Leg"] = {
			tm = .0159;
			cf = cfr(0,0,0,1,0,0,0,1,0,0,0,1);
			es = "Linear";
			ed = "In";
		};
		["Right Leg"] = {
			tm = .0159;
			cf = cfr(0,0,0,1,0,0,0,1,0,0,0,1);
			es = "Linear";
			ed = "In";
		};
	};
	{
		tm = .183;
		["Torso"] = {
			tm = .0170;
			cf = cfr(0,0,0,.615,-.789,.012,.786,.612,-.085,.06,.062,.996);
			es = "Linear";
			ed = "In";
		};
		["Head"] = {
			tm = .0170;
			cf = cfr(0,0,0,.736,.675,.046,-.676,.737,-.01,-.041,-.024,.999);
			es = "Linear";
			ed = "In";
		};
		["Left Arm"] = {
			tm = .0170;
			cf = cfr(0,0,0,.962,-.254,.103,.234,.957,.173,-.142,-.142,.98);
			es = "Linear";
			ed = "In";
		};
		["Right Arm"] = {
			tm = .0170;
			cf = cfr(.232,-.432,.535,.335,-.903,-.27,-.218,-.352,.91,-.917,-.246,-.315);
			es = "Linear";
			ed = "In";
		};
		["Handle"] = {
			tm = .0170;
			cf = cfr(.272,1.011,.001,.981,.186,.051,-.187,.853,.487,.047,-.488,.872);
			es = "Linear";
			ed = "In";
		};
		["Left Leg"] = {
			tm = .0170;
			cf = cfr(0,0,0,1,0,0,0,1,0,0,0,1);
			es = "Linear";
			ed = "In";
		};
		["Right Leg"] = {
			tm = .0170;
			cf = cfr(0,0,0,1,0,0,0,1,0,0,0,1);
			es = "Linear";
			ed = "In";
		};
	};
	{
		tm = .2;
		["Torso"] = {
			tm = .0169;
			cf = cfr(0,0,0,.757,-.653,.017,.651,.752,-.106,.056,.092,.994);
			es = "Linear";
			ed = "In";
		};
		["Head"] = {
			tm = .0169;
			cf = cfr(0,0,0,.87,.492,.043,-.492,.871,-.006,-.041,-.016,.999);
			es = "Linear";
			ed = "In";
		};
		["Left Arm"] = {
			tm = .0169;
			cf = cfr(0,0,0,.98,-.193,-.051,.198,.968,.152,.02,-.159,.987);
			es = "Linear";
			ed = "In";
		};
		["Right Arm"] = {
			tm = .0169;
			cf = cfr(.208,-.424,.526,.413,-.874,-.255,-.179,-.353,.918,-.893,-.334,-.303);
			es = "Linear";
			ed = "In";
		};
		["Handle"] = {
			tm = .0169;
			cf = cfr(.264,.987,-.019,.981,.188,.05,-.189,.856,.481,.048,-.481,.875);
			es = "Linear";
			ed = "In";
		};
		["Left Leg"] = {
			tm = .0169;
			cf = cfr(0,0,0,1,0,0,0,1,0,0,0,1);
			es = "Linear";
			ed = "In";
		};
		["Right Leg"] = {
			tm = .0169;
			cf = cfr(0,0,0,1,0,0,0,1,0,0,0,1);
			es = "Linear";
			ed = "In";
		};
	};
	{
		tm = .217;
		["Torso"] = {
			tm = .0160;
			cf = cfr(0,0,0,.906,-.424,.011,.422,.898,-.125,.043,.117,.992);
			es = "Linear";
			ed = "In";
		};
		["Head"] = {
			tm = .0160;
			cf = cfr(0,0,0,.977,.209,.041,-.209,.978,-.003,-.041,-.005,.999);
			es = "Linear";
			ed = "In";
		};
		["Left Arm"] = {
			tm = .0160;
			cf = cfr(0,0,0,.973,-.077,-.219,.11,.984,.143,.204,-.163,.965);
			es = "Linear";
			ed = "In";
		};
		["Right Arm"] = {
			tm = .0160;
			cf = cfr(.176,-.414,.513,.516,-.823,-.238,-.126,-.348,.929,-.847,-.45,-.283);
			es = "Linear";
			ed = "In";
		};
		["Handle"] = {
			tm = .0160;
			cf = cfr(.254,.955,-.038,.981,.19,.047,-.189,.86,.473,.049,-.473,.88);
			es = "Linear";
			ed = "In";
		};
		["Left Leg"] = {
			tm = .0160;
			cf = cfr(0,0,0,1,0,0,0,1,0,0,0,1);
			es = "Linear";
			ed = "In";
		};
		["Right Leg"] = {
			tm = .0160;
			cf = cfr(0,0,0,1,0,0,0,1,0,0,0,1);
			es = "Linear";
			ed = "In";
		};
	};
	{
		tm = .233;
		["Torso"] = {
			tm = .0169;
			cf = cfr(0,0,0,.997,-.071,-.011,.069,.989,-.133,.02,.132,.991);
			es = "Linear";
			ed = "In";
		};
		["Head"] = {
			tm = .0169;
			cf = cfr(0,0,0,.983,-.179,.04,.179,.984,-.001,-.039,.008,.999);
			es = "Linear";
			ed = "In";
		};
		["Left Arm"] = {
			tm = .0169;
			cf = cfr(0,0,0,.917,.099,-.387,-.038,.986,.162,.397,-.134,.908);
			es = "Linear";
			ed = "In";
		};
		["Right Arm"] = {
			tm = .0169;
			cf = cfr(.135,-.401,.497,.642,-.735,-.218,-.057,-.329,.942,-.764,-.593,-.254);
			es = "Linear";
			ed = "In";
		};
		["Handle"] = {
			tm = .0169;
			cf = cfr(.24,.914,-.055,.981,.191,.044,-.189,.866,.463,.05,-.462,.885);
			es = "Linear";
			ed = "In";
		};
		["Left Leg"] = {
			tm = .0169;
			cf = cfr(0,0,0,1,0,0,0,1,0,0,0,1);
			es = "Linear";
			ed = "In";
		};
		["Right Leg"] = {
			tm = .0169;
			cf = cfr(0,0,0,1,0,0,0,1,0,0,0,1);
			es = "Linear";
			ed = "In";
		};
	};
	{
		tm = .25;
		["Torso"] = {
			tm = .0170;
			cf = cfr(0,0,0,.803,.587,-.098,-.595,.8,-.077,.034,.12,.992);
			es = "Linear";
			ed = "In";
		};
		["Head"] = {
			tm = .0170;
			cf = cfr(0,0,0,.616,-.78,.11,.784,.62,.004,-.072,.084,.994);
			es = "Linear";
			ed = "In";
		};
		["Left Arm"] = {
			tm = .0170;
			cf = cfr(-.129,-.1,.098,.69,.585,-.427,-.405,.8,.442,.6,-.132,.789);
			es = "Linear";
			ed = "In";
		};
		["Right Arm"] = {
			tm = .0170;
			cf = cfr(.053,-.356,.377,.904,-.427,-.028,.028,-.007,1,-.427,-.904,.005);
			es = "Linear";
			ed = "In";
		};
		["Handle"] = {
			tm = .0170;
			cf = cfr(-.022,.266,-.069,.992,.118,-.042,-.107,.975,.196,.064,-.19,.98);
			es = "Linear";
			ed = "In";
		};
		["Left Leg"] = {
			tm = .0170;
			cf = cfr(0,0,0,1,0,0,0,1,0,0,0,1);
			es = "Linear";
			ed = "In";
		};
		["Right Leg"] = {
			tm = .0170;
			cf = cfr(0,0,0,1,0,0,0,1,0,0,0,1);
			es = "Linear";
			ed = "In";
		};
	};
	{
		tm = .267;
		["Torso"] = {
			tm = .0159;
			cf = cfr(0,0,0,.457,.879,-.135,-.888,.461,-.002,.061,.121,.991);
			es = "Linear";
			ed = "In";
		};
		["Head"] = {
			tm = .0159;
			cf = cfr(0,0,0,.144,-.975,.171,.987,.153,.042,-.068,.163,.984);
			es = "Linear";
			ed = "In";
		};
		["Left Arm"] = {
			tm = .0159;
			cf = cfr(-.258,-.2,.197,.402,.876,-.268,-.583,.47,.663,.706,-.11,.699);
			es = "Linear";
			ed = "In";
		};
		["Right Arm"] = {
			tm = .0159;
			cf = cfr(-.011,-.319,.265,.997,-.072,.042,-.021,.281,.96,-.081,-.957,.278);
			es = "Linear";
			ed = "In";
		};
		["Handle"] = {
			tm = .0159;
			cf = cfr(-.297,-.429,-.086,.993,.016,-.116,-.03,.992,-.126,.113,.128,.985);
			es = "Linear";
			ed = "In";
		};
		["Left Leg"] = {
			tm = .0159;
			cf = cfr(0,0,0,1,0,0,0,1,0,0,0,1);
			es = "Linear";
			ed = "In";
		};
		["Right Leg"] = {
			tm = .0159;
			cf = cfr(0,0,0,1,0,0,0,1,0,0,0,1);
			es = "Linear";
			ed = "In";
		};
	};
	{
		tm = .283;
		["Torso"] = {
			tm = .0170;
			cf = cfr(0,0,0,.427,.894,-.135,-.902,.431,.003,.061,.121,.991);
			es = "Linear";
			ed = "In";
		};
		["Head"] = {
			tm = .0170;
			cf = cfr(0,0,0,.144,-.975,.171,.987,.153,.042,-.068,.163,.984);
			es = "Linear";
			ed = "In";
		};
		["Left Arm"] = {
			tm = .0170;
			cf = cfr(-.258,-.2,.197,.403,.882,-.245,-.584,.454,.673,.705,-.128,.698);
			es = "Linear";
			ed = "In";
		};
		["Right Arm"] = {
			tm = .0170;
			cf = cfr(-.023,-.319,.265,1,.015,.011,-.015,.293,.956,.011,-.956,.293);
			es = "Linear";
			ed = "In";
		};
		["Handle"] = {
			tm = .0170;
			cf = cfr(-.337,-.56,-.109,.99,-.001,-.142,-.028,.979,-.204,.139,.206,.969);
			es = "Linear";
			ed = "In";
		};
		["Left Leg"] = {
			tm = .0170;
			cf = cfr(0,0,0,1,0,0,0,1,0,0,0,1);
			es = "Linear";
			ed = "In";
		};
		["Right Leg"] = {
			tm = .0170;
			cf = cfr(0,0,0,1,0,0,0,1,0,0,0,1);
			es = "Linear";
			ed = "In";
		};
	};
	{
		tm = .3;
		["Torso"] = {
			tm = .0170;
			cf = cfr(0,0,0,.399,.907,-.135,-.915,.403,.007,.061,.121,.991);
			es = "Linear";
			ed = "In";
		};
		["Head"] = {
			tm = .0170;
			cf = cfr(0,0,0,.144,-.975,.171,.987,.153,.042,-.068,.163,.984);
			es = "Linear";
			ed = "In";
		};
		["Left Arm"] = {
			tm = .0170;
			cf = cfr(-.258,-.2,.197,.406,.886,-.224,-.584,.44,.682,.703,-.146,.696);
			es = "Linear";
			ed = "In";
		};
		["Right Arm"] = {
			tm = .0170;
			cf = cfr(-.034,-.32,.267,.995,.094,-.019,-.01,.305,.952,.095,-.948,.305);
			es = "Linear";
			ed = "In";
		};
		["Handle"] = {
			tm = .0170;
			cf = cfr(-.373,-.676,-.14,.986,-.017,-.163,-.028,.962,-.272,.162,.273,.948);
			es = "Linear";
			ed = "In";
		};
		["Left Leg"] = {
			tm = .0170;
			cf = cfr(0,0,0,1,0,0,0,1,0,0,0,1);
			es = "Linear";
			ed = "In";
		};
		["Right Leg"] = {
			tm = .0170;
			cf = cfr(0,0,0,1,0,0,0,1,0,0,0,1);
			es = "Linear";
			ed = "In";
		};
	};
	{
		tm = .317;
		["Torso"] = {
			tm = .0160;
			cf = cfr(0,0,0,.373,.918,-.135,-.926,.378,.011,.061,.121,.991);
			es = "Linear";
			ed = "In";
		};
		["Head"] = {
			tm = .0160;
			cf = cfr(0,0,0,.144,-.975,.171,.987,.153,.042,-.068,.163,.984);
			es = "Linear";
			ed = "In";
		};
		["Left Arm"] = {
			tm = .0160;
			cf = cfr(-.258,-.2,.197,.41,.889,-.204,-.585,.428,.689,.7,-.163,.695);
			es = "Linear";
			ed = "In";
		};
		["Right Arm"] = {
			tm = .0160;
			cf = cfr(-.043,-.321,.269,.985,.165,-.048,-.007,.316,.949,.172,-.934,.313);
			es = "Linear";
			ed = "In";
		};
		["Handle"] = {
			tm = .0160;
			cf = cfr(-.404,-.779,-.176,.983,-.033,-.182,-.03,.943,-.331,.182,.331,.926);
			es = "Linear";
			ed = "In";
		};
		["Left Leg"] = {
			tm = .0160;
			cf = cfr(0,0,0,1,0,0,0,1,0,0,0,1);
			es = "Linear";
			ed = "In";
		};
		["Right Leg"] = {
			tm = .0160;
			cf = cfr(0,0,0,1,0,0,0,1,0,0,0,1);
			es = "Linear";
			ed = "In";
		};
	};
	{
		tm = .333;
		["Torso"] = {
			tm = .0169;
			cf = cfr(0,0,0,.349,.927,-.134,-.935,.354,.014,.061,.121,.991);
			es = "Linear";
			ed = "In";
		};
		["Head"] = {
			tm = .0169;
			cf = cfr(0,0,0,.144,-.975,.171,.987,.153,.042,-.068,.163,.984);
			es = "Linear";
			ed = "In";
		};
		["Left Arm"] = {
			tm = .0169;
			cf = cfr(-.258,-.2,.197,.415,.891,-.186,-.585,.418,.695,.697,-.179,.694);
			es = "Linear";
			ed = "In";
		};
		["Right Arm"] = {
			tm = .0169;
			cf = cfr(-.052,-.322,.272,.971,.229,-.074,-.005,.326,.945,.24,-.917,.318);
			es = "Linear";
			ed = "In";
		};
		["Handle"] = {
			tm = .0169;
			cf = cfr(-.432,-.87,-.217,.979,-.047,-.197,-.032,.924,-.381,.2,.38,.903);
			es = "Linear";
			ed = "In";
		};
		["Left Leg"] = {
			tm = .0169;
			cf = cfr(0,0,0,1,0,0,0,1,0,0,0,1);
			es = "Linear";
			ed = "In";
		};
		["Right Leg"] = {
			tm = .0169;
			cf = cfr(0,0,0,1,0,0,0,1,0,0,0,1);
			es = "Linear";
			ed = "In";
		};
	};
	{
		tm = .35;
		["Torso"] = {
			tm = .0170;
			cf = cfr(0,0,0,.328,.935,-.134,-.943,.333,.017,.061,.121,.991);
			es = "Linear";
			ed = "In";
		};
		["Head"] = {
			tm = .0170;
			cf = cfr(0,0,0,.144,-.975,.171,.987,.153,.042,-.068,.163,.984);
			es = "Linear";
			ed = "In";
		};
		["Left Arm"] = {
			tm = .0170;
			cf = cfr(-.258,-.2,.197,.42,.891,-.169,-.585,.409,.7,.693,-.195,.694);
			es = "Linear";
			ed = "In";
		};
		["Right Arm"] = {
			tm = .0170;
			cf = cfr(-.06,-.323,.276,.954,.285,-.097,-.004,.335,.942,.301,-.898,.32);
			es = "Linear";
			ed = "In";
		};
		["Handle"] = {
			tm = .0170;
			cf = cfr(-.455,-.948,-.261,.976,-.06,-.209,-.035,.905,-.424,.215,.422,.881);
			es = "Linear";
			ed = "In";
		};
		["Left Leg"] = {
			tm = .0170;
			cf = cfr(0,0,0,1,0,0,0,1,0,0,0,1);
			es = "Linear";
			ed = "In";
		};
		["Right Leg"] = {
			tm = .0170;
			cf = cfr(0,0,0,1,0,0,0,1,0,0,0,1);
			es = "Linear";
			ed = "In";
		};
	};
	{
		tm = .367;
		["Torso"] = {
			tm = .0160;
			cf = cfr(0,0,0,.309,.942,-.134,-.949,.314,.02,.061,.121,.991);
			es = "Linear";
			ed = "In";
		};
		["Head"] = {
			tm = .0160;
			cf = cfr(0,0,0,.144,-.975,.171,.987,.153,.042,-.068,.163,.984);
			es = "Linear";
			ed = "In";
		};
		["Left Arm"] = {
			tm = .0160;
			cf = cfr(-.258,-.2,.197,.427,.891,-.154,-.585,.402,.704,.689,-.21,.693);
			es = "Linear";
			ed = "In";
		};
		["Right Arm"] = {
			tm = .0160;
			cf = cfr(-.067,-.324,.28,.935,.334,-.119,-.003,.342,.94,.355,-.878,.321);
			es = "Linear";
			ed = "In";
		};
		["Handle"] = {
			tm = .0160;
			cf = cfr(-.476,-1.015,-.309,.973,-.072,-.22,-.038,.887,-.461,.228,.457,.86);
			es = "Linear";
			ed = "In";
		};
		["Left Leg"] = {
			tm = .0160;
			cf = cfr(0,0,0,1,0,0,0,1,0,0,0,1);
			es = "Linear";
			ed = "In";
		};
		["Right Leg"] = {
			tm = .0160;
			cf = cfr(0,0,0,1,0,0,0,1,0,0,0,1);
			es = "Linear";
			ed = "In";
		};
	};
	{
		tm = .383;
		["Torso"] = {
			tm = .0170;
			cf = cfr(0,0,0,.292,.947,-.133,-.955,.297,.022,.061,.121,.991);
			es = "Linear";
			ed = "In";
		};
		["Head"] = {
			tm = .0170;
			cf = cfr(0,0,0,.144,-.975,.171,.987,.153,.042,-.068,.163,.984);
			es = "Linear";
			ed = "In";
		};
		["Left Arm"] = {
			tm = .0170;
			cf = cfr(-.258,-.2,.197,.434,.89,-.14,-.586,.396,.707,.685,-.225,.693);
			es = "Linear";
			ed = "In";
		};
		["Right Arm"] = {
			tm = .0170;
			cf = cfr(-.073,-.326,.285,.916,.377,-.138,-.003,.349,.937,.401,-.858,.321);
			es = "Linear";
			ed = "In";
		};
		["Handle"] = {
			tm = .0170;
			cf = cfr(-.493,-1.071,-.359,.97,-.082,-.228,-.042,.87,-.491,.239,.486,.841);
			es = "Linear";
			ed = "In";
		};
		["Left Leg"] = {
			tm = .0170;
			cf = cfr(0,0,0,1,0,0,0,1,0,0,0,1);
			es = "Linear";
			ed = "In";
		};
		["Right Leg"] = {
			tm = .0170;
			cf = cfr(0,0,0,1,0,0,0,1,0,0,0,1);
			es = "Linear";
			ed = "In";
		};
	};
	{
		tm = .4;
		["Torso"] = {
			tm = .0169;
			cf = cfr(0,0,0,.276,.952,-.133,-.959,.282,.025,.061,.121,.991);
			es = "Linear";
			ed = "In";
		};
		["Head"] = {
			tm = .0169;
			cf = cfr(0,0,0,.144,-.975,.171,.987,.153,.042,-.068,.163,.984);
			es = "Linear";
			ed = "In";
		};
		["Left Arm"] = {
			tm = .0169;
			cf = cfr(-.258,-.2,.197,.441,.888,-.127,-.586,.392,.709,.68,-.239,.693);
			es = "Linear";
			ed = "In";
		};
		["Right Arm"] = {
			tm = .0169;
			cf = cfr(-.079,-.328,.29,.897,.413,-.154,-.003,.355,.935,.441,-.839,.319);
			es = "Linear";
			ed = "In";
		};
		["Handle"] = {
			tm = .0169;
			cf = cfr(-.507,-1.119,-.409,.968,-.091,-.235,-.045,.855,-.516,.248,.51,.824);
			es = "Linear";
			ed = "In";
		};
		["Left Leg"] = {
			tm = .0169;
			cf = cfr(0,0,0,1,0,0,0,1,0,0,0,1);
			es = "Linear";
			ed = "In";
		};
		["Right Leg"] = {
			tm = .0169;
			cf = cfr(0,0,0,1,0,0,0,1,0,0,0,1);
			es = "Linear";
			ed = "In";
		};
	};
	{
		tm = .417;
		["Torso"] = {
			tm = .0160;
			cf = cfr(0,0,0,.263,.956,-.132,-.963,.268,.026,.061,.121,.991);
			es = "Linear";
			ed = "In";
		};
		["Head"] = {
			tm = .0160;
			cf = cfr(0,0,0,.144,-.975,.171,.987,.153,.042,-.068,.163,.984);
			es = "Linear";
			ed = "In";
		};
		["Left Arm"] = {
			tm = .0160;
			cf = cfr(-.258,-.2,.197,.449,.886,-.115,-.586,.389,.711,.675,-.252,.694);
			es = "Linear";
			ed = "In";
		};
		["Right Arm"] = {
			tm = .0160;
			cf = cfr(-.084,-.33,.296,.88,.445,-.169,-.003,.359,.933,.475,-.821,.317);
			es = "Linear";
			ed = "In";
		};
		["Handle"] = {
			tm = .0160;
			cf = cfr(-.519,-1.157,-.459,.966,-.099,-.241,-.048,.842,-.537,.256,.53,.808);
			es = "Linear";
			ed = "In";
		};
		["Left Leg"] = {
			tm = .0160;
			cf = cfr(0,0,0,1,0,0,0,1,0,0,0,1);
			es = "Linear";
			ed = "In";
		};
		["Right Leg"] = {
			tm = .0160;
			cf = cfr(0,0,0,1,0,0,0,1,0,0,0,1);
			es = "Linear";
			ed = "In";
		};
	};
	{
		tm = .433;
		["Torso"] = {
			tm = .0170;
			cf = cfr(0,0,0,.251,.959,-.132,-.966,.257,.028,.061,.121,.991);
			es = "Linear";
			ed = "In";
		};
		["Head"] = {
			tm = .0170;
			cf = cfr(0,0,0,.144,-.975,.171,.987,.153,.042,-.068,.163,.984);
			es = "Linear";
			ed = "In";
		};
		["Left Arm"] = {
			tm = .0170;
			cf = cfr(-.258,-.2,.197,.457,.883,-.104,-.586,.387,.712,.669,-.265,.694);
			es = "Linear";
			ed = "In";
		};
		["Right Arm"] = {
			tm = .0170;
			cf = cfr(-.088,-.332,.302,.863,.471,-.181,-.003,.363,.932,.505,-.804,.315);
			es = "Linear";
			ed = "In";
		};
		["Handle"] = {
			tm = .0170;
			cf = cfr(-.529,-1.188,-.509,.964,-.105,-.245,-.05,.831,-.554,.262,.546,.796);
			es = "Linear";
			ed = "In";
		};
		["Left Leg"] = {
			tm = .0170;
			cf = cfr(0,0,0,1,0,0,0,1,0,0,0,1);
			es = "Linear";
			ed = "In";
		};
		["Right Leg"] = {
			tm = .0170;
			cf = cfr(0,0,0,1,0,0,0,1,0,0,0,1);
			es = "Linear";
			ed = "In";
		};
	};
	{
		tm = .45;
		["Torso"] = {
			tm = .0170;
			cf = cfr(0,0,0,.241,.962,-.132,-.969,.247,.029,.061,.121,.991);
			es = "Linear";
			ed = "In";
		};
		["Head"] = {
			tm = .0170;
			cf = cfr(0,0,0,.144,-.975,.171,.987,.153,.042,-.068,.163,.984);
			es = "Linear";
			ed = "In";
		};
		["Left Arm"] = {
			tm = .0170;
			cf = cfr(-.258,-.2,.197,.466,.88,-.094,-.585,.386,.713,.664,-.277,.695);
			es = "Linear";
			ed = "In";
		};
		["Right Arm"] = {
			tm = .0170;
			cf = cfr(-.091,-.334,.308,.849,.493,-.191,-.003,.366,.93,.529,-.789,.312);
			es = "Linear";
			ed = "In";
		};
		["Handle"] = {
			tm = .0170;
			cf = cfr(-.536,-1.212,-.556,.962,-.111,-.249,-.052,.822,-.567,.267,.559,.785);
			es = "Linear";
			ed = "In";
		};
		["Left Leg"] = {
			tm = .0170;
			cf = cfr(0,0,0,1,0,0,0,1,0,0,0,1);
			es = "Linear";
			ed = "In";
		};
		["Right Leg"] = {
			tm = .0170;
			cf = cfr(0,0,0,1,0,0,0,1,0,0,0,1);
			es = "Linear";
			ed = "In";
		};
	};
	{
		tm = .467;
		["Torso"] = {
			tm = .0159;
			cf = cfr(0,0,0,.233,.964,-.131,-.971,.238,.031,.061,.121,.991);
			es = "Linear";
			ed = "In";
		};
		["Head"] = {
			tm = .0159;
			cf = cfr(0,0,0,.144,-.975,.171,.987,.153,.042,-.068,.163,.984);
			es = "Linear";
			ed = "In";
		};
		["Left Arm"] = {
			tm = .0159;
			cf = cfr(-.258,-.2,.197,.474,.876,-.086,-.585,.386,.713,.658,-.288,.696);
			es = "Linear";
			ed = "In";
		};
		["Right Arm"] = {
			tm = .0159;
			cf = cfr(-.094,-.336,.313,.835,.512,-.2,-.004,.369,.93,.55,-.776,.31);
			es = "Linear";
			ed = "In";
		};
		["Handle"] = {
			tm = .0159;
			cf = cfr(-.541,-1.23,-.6,.961,-.115,-.252,-.054,.814,-.578,.271,.569,.776);
			es = "Linear";
			ed = "In";
		};
		["Left Leg"] = {
			tm = .0159;
			cf = cfr(0,0,0,1,0,0,0,1,0,0,0,1);
			es = "Linear";
			ed = "In";
		};
		["Right Leg"] = {
			tm = .0159;
			cf = cfr(0,0,0,1,0,0,0,1,0,0,0,1);
			es = "Linear";
			ed = "In";
		};
	};
	{
		tm = .483;
		["Torso"] = {
			tm = .0170;
			cf = cfr(0,0,0,.225,.965,-.131,-.972,.231,.032,.061,.121,.991);
			es = "Linear";
			ed = "In";
		};
		["Head"] = {
			tm = .0170;
			cf = cfr(0,0,0,.144,-.975,.171,.987,.153,.042,-.068,.163,.984);
			es = "Linear";
			ed = "In";
		};
		["Left Arm"] = {
			tm = .0170;
			cf = cfr(-.258,-.2,.197,.482,.873,-.078,-.585,.387,.713,.652,-.298,.697);
			es = "Linear";
			ed = "In";
		};
		["Right Arm"] = {
			tm = .0170;
			cf = cfr(-.097,-.338,.319,.824,.527,-.207,-.004,.371,.929,.566,-.765,.307);
			es = "Linear";
			ed = "In";
		};
		["Handle"] = {
			tm = .0170;
			cf = cfr(-.545,-1.243,-.64,.96,-.118,-.254,-.056,.809,-.586,.275,.576,.77);
			es = "Linear";
			ed = "In";
		};
		["Left Leg"] = {
			tm = .0170;
			cf = cfr(0,0,0,1,0,0,0,1,0,0,0,1);
			es = "Linear";
			ed = "In";
		};
		["Right Leg"] = {
			tm = .0170;
			cf = cfr(0,0,0,1,0,0,0,1,0,0,0,1);
			es = "Linear";
			ed = "In";
		};
	};
	{
		tm = .5;
		["Torso"] = {
			tm = .0170;
			cf = cfr(0,0,0,.22,.967,-.131,-.974,.226,.032,.061,.121,.991);
			es = "Linear";
			ed = "In";
		};
		["Head"] = {
			tm = .0170;
			cf = cfr(0,0,0,.144,-.975,.171,.987,.153,.042,-.068,.163,.984);
			es = "Linear";
			ed = "In";
		};
		["Left Arm"] = {
			tm = .0170;
			cf = cfr(-.258,-.2,.197,.49,.869,-.071,-.585,.388,.713,.647,-.308,.698);
			es = "Linear";
			ed = "In";
		};
		["Right Arm"] = {
			tm = .0170;
			cf = cfr(-.099,-.34,.325,.815,.54,-.213,-.004,.372,.928,.58,-.755,.305);
			es = "Linear";
			ed = "In";
		};
		["Handle"] = {
			tm = .0170;
			cf = cfr(-.548,-1.252,-.675,.959,-.12,-.256,-.057,.804,-.591,.277,.582,.765);
			es = "Linear";
			ed = "In";
		};
		["Left Leg"] = {
			tm = .0170;
			cf = cfr(0,0,0,1,0,0,0,1,0,0,0,1);
			es = "Linear";
			ed = "In";
		};
		["Right Leg"] = {
			tm = .0170;
			cf = cfr(0,0,0,1,0,0,0,1,0,0,0,1);
			es = "Linear";
			ed = "In";
		};
	};
	{
		tm = .517;
		["Torso"] = {
			tm = .0160;
			cf = cfr(0,0,0,.215,.968,-.131,-.975,.221,.033,.061,.121,.991);
			es = "Linear";
			ed = "In";
		};
		["Head"] = {
			tm = .0160;
			cf = cfr(0,0,0,.144,-.975,.171,.987,.153,.042,-.068,.163,.984);
			es = "Linear";
			ed = "In";
		};
		["Left Arm"] = {
			tm = .0160;
			cf = cfr(-.258,-.2,.197,.497,.865,-.065,-.584,.389,.712,.641,-.316,.699);
			es = "Linear";
			ed = "In";
		};
		["Right Arm"] = {
			tm = .0160;
			cf = cfr(-.101,-.342,.331,.807,.549,-.217,-.004,.373,.928,.591,-.748,.303);
			es = "Linear";
			ed = "In";
		};
		["Handle"] = {
			tm = .0160;
			cf = cfr(-.55,-1.257,-.704,.959,-.122,-.257,-.058,.801,-.595,.278,.585,.761);
			es = "Linear";
			ed = "In";
		};
		["Left Leg"] = {
			tm = .0160;
			cf = cfr(0,0,0,1,0,0,0,1,0,0,0,1);
			es = "Linear";
			ed = "In";
		};
		["Right Leg"] = {
			tm = .0160;
			cf = cfr(0,0,0,1,0,0,0,1,0,0,0,1);
			es = "Linear";
			ed = "In";
		};
	};
	{
		tm = .533;
		["Torso"] = {
			tm = .0170;
			cf = cfr(0,0,0,.211,.969,-.131,-.976,.217,.033,.061,.121,.991);
			es = "Linear";
			ed = "In";
		};
		["Head"] = {
			tm = .0170;
			cf = cfr(0,0,0,.144,-.975,.171,.987,.153,.042,-.068,.163,.984);
			es = "Linear";
			ed = "In";
		};
		["Left Arm"] = {
			tm = .0170;
			cf = cfr(-.258,-.2,.197,.504,.861,-.06,-.584,.391,.711,.636,-.324,.7);
			es = "Linear";
			ed = "In";
		};
		["Right Arm"] = {
			tm = .0170;
			cf = cfr(-.102,-.344,.336,.8,.557,-.221,-.004,.374,.928,.599,-.742,.301);
			es = "Linear";
			ed = "In";
		};
		["Handle"] = {
			tm = .0170;
			cf = cfr(-.55,-1.26,-.726,.958,-.123,-.258,-.058,.8,-.598,.279,.588,.759);
			es = "Linear";
			ed = "In";
		};
		["Left Leg"] = {
			tm = .0170;
			cf = cfr(0,0,0,1,0,0,0,1,0,0,0,1);
			es = "Linear";
			ed = "In";
		};
		["Right Leg"] = {
			tm = .0170;
			cf = cfr(0,0,0,1,0,0,0,1,0,0,0,1);
			es = "Linear";
			ed = "In";
		};
	};
	{
		tm = .55;
		["Torso"] = {
			tm = .0169;
			cf = cfr(0,0,0,.209,.969,-.131,-.976,.215,.034,.061,.121,.991);
			es = "Linear";
			ed = "In";
		};
		["Head"] = {
			tm = .0169;
			cf = cfr(0,0,0,.144,-.975,.171,.987,.153,.042,-.068,.163,.984);
			es = "Linear";
			ed = "In";
		};
		["Left Arm"] = {
			tm = .0169;
			cf = cfr(-.258,-.2,.197,.511,.858,-.056,-.583,.393,.711,.631,-.331,.701);
			es = "Linear";
			ed = "In";
		};
		["Right Arm"] = {
			tm = .0169;
			cf = cfr(-.103,-.346,.341,.796,.563,-.224,-.004,.374,.928,.606,-.737,.3);
			es = "Linear";
			ed = "In";
		};
		["Handle"] = {
			tm = .0169;
			cf = cfr(-.551,-1.261,-.739,.958,-.123,-.258,-.058,.799,-.599,.28,.589,.758);
			es = "Linear";
			ed = "In";
		};
		["Left Leg"] = {
			tm = .0169;
			cf = cfr(0,0,0,1,0,0,0,1,0,0,0,1);
			es = "Linear";
			ed = "In";
		};
		["Right Leg"] = {
			tm = .0169;
			cf = cfr(0,0,0,1,0,0,0,1,0,0,0,1);
			es = "Linear";
			ed = "In";
		};
	};
	{
		tm = .567;
		["Torso"] = {
			tm = .0160;
			cf = cfr(0,0,0,.207,.97,-.131,-.977,.213,.034,.061,.121,.991);
			es = "Linear";
			ed = "In";
		};
		["Head"] = {
			tm = .0160;
			cf = cfr(0,0,0,.144,-.975,.171,.987,.153,.042,-.068,.163,.984);
			es = "Linear";
			ed = "In";
		};
		["Left Arm"] = {
			tm = .0160;
			cf = cfr(-.258,-.2,.197,.517,.855,-.052,-.583,.396,.71,.627,-.337,.703);
			es = "Linear";
			ed = "In";
		};
		["Right Arm"] = {
			tm = .0160;
			cf = cfr(-.104,-.347,.345,.792,.567,-.225,-.004,.374,.927,.61,-.734,.298);
			es = "Linear";
			ed = "In";
		};
		["Handle"] = {
			tm = .0160;
			cf = cfr(-.551,-1.261,-.744,.958,-.124,-.258,-.058,.799,-.599,.28,.589,.758);
			es = "Linear";
			ed = "In";
		};
		["Left Leg"] = {
			tm = .0160;
			cf = cfr(0,0,0,1,0,0,0,1,0,0,0,1);
			es = "Linear";
			ed = "In";
		};
		["Right Leg"] = {
			tm = .0160;
			cf = cfr(0,0,0,1,0,0,0,1,0,0,0,1);
			es = "Linear";
			ed = "In";
		};
	};
	{
		tm = .583;
		["Torso"] = {
			tm = .0170;
			cf = cfr(0,0,0,.205,.97,-.131,-.977,.211,.034,.061,.121,.991);
			es = "Linear";
			ed = "In";
		};
		["Head"] = {
			tm = .0170;
			cf = cfr(0,0,0,.144,-.975,.171,.987,.153,.042,-.068,.163,.984);
			es = "Linear";
			ed = "In";
		};
		["Left Arm"] = {
			tm = .0170;
			cf = cfr(-.258,-.2,.197,.522,.852,-.049,-.582,.398,.709,.623,-.341,.704);
			es = "Linear";
			ed = "In";
		};
		["Right Arm"] = {
			tm = .0170;
			cf = cfr(-.104,-.348,.349,.79,.57,-.227,-.004,.374,.928,.613,-.732,.297);
			es = "Linear";
			ed = "In";
		};
		["Handle"] = {
			tm = .0170;
			cf = cfr(-.551,-1.261,-.744,.958,-.124,-.258,-.058,.799,-.599,.28,.589,.758);
			es = "Linear";
			ed = "In";
		};
		["Left Leg"] = {
			tm = .0170;
			cf = cfr(0,0,0,1,0,0,0,1,0,0,0,1);
			es = "Linear";
			ed = "In";
		};
		["Right Leg"] = {
			tm = .0170;
			cf = cfr(0,0,0,1,0,0,0,1,0,0,0,1);
			es = "Linear";
			ed = "In";
		};
	};
	{
		tm = .6;
		["Torso"] = {
			tm = .0170;
			cf = cfr(0,0,0,.204,.97,-.131,-.977,.211,.034,.061,.121,.991);
			es = "Linear";
			ed = "In";
		};
		["Head"] = {
			tm = .0170;
			cf = cfr(0,0,0,.144,-.975,.171,.987,.153,.042,-.068,.163,.984);
			es = "Linear";
			ed = "In";
		};
		["Left Arm"] = {
			tm = .0170;
			cf = cfr(-.258,-.2,.197,.526,.849,-.047,-.582,.4,.708,.62,-.345,.704);
			es = "Linear";
			ed = "In";
		};
		["Right Arm"] = {
			tm = .0170;
			cf = cfr(-.104,-.35,.352,.788,.572,-.227,-.004,.374,.928,.615,-.73,.297);
			es = "Linear";
			ed = "In";
		};
		["Handle"] = {
			tm = .0170;
			cf = cfr(-.551,-1.261,-.744,.958,-.124,-.258,-.058,.799,-.599,.28,.589,.758);
			es = "Linear";
			ed = "In";
		};
		["Left Leg"] = {
			tm = .0170;
			cf = cfr(0,0,0,1,0,0,0,1,0,0,0,1);
			es = "Linear";
			ed = "In";
		};
		["Right Leg"] = {
			tm = .0170;
			cf = cfr(0,0,0,1,0,0,0,1,0,0,0,1);
			es = "Linear";
			ed = "In";
		};
	};
	{
		tm = .617;
		["Torso"] = {
			tm = .0160;
			cf = cfr(0,0,0,.204,.97,-.131,-.977,.21,.034,.061,.121,.991);
			es = "Linear";
			ed = "In";
		};
		["Head"] = {
			tm = .0160;
			cf = cfr(0,0,0,.144,-.975,.171,.987,.153,.042,-.068,.163,.984);
			es = "Linear";
			ed = "In";
		};
		["Left Arm"] = {
			tm = .0160;
			cf = cfr(-.258,-.2,.197,.529,.847,-.045,-.582,.401,.708,.618,-.348,.705);
			es = "Linear";
			ed = "In";
		};
		["Right Arm"] = {
			tm = .0160;
			cf = cfr(-.105,-.35,.354,.787,.573,-.228,-.004,.373,.928,.616,-.73,.296);
			es = "Linear";
			ed = "In";
		};
		["Handle"] = {
			tm = .0160;
			cf = cfr(-.551,-1.261,-.744,.958,-.124,-.258,-.058,.799,-.599,.28,.589,.758);
			es = "Linear";
			ed = "In";
		};
		["Left Leg"] = {
			tm = .0160;
			cf = cfr(0,0,0,1,0,0,0,1,0,0,0,1);
			es = "Linear";
			ed = "In";
		};
		["Right Leg"] = {
			tm = .0160;
			cf = cfr(0,0,0,1,0,0,0,1,0,0,0,1);
			es = "Linear";
			ed = "In";
		};
	};
	{
		tm = .633;
		["Torso"] = {
			tm = .0170;
			cf = cfr(0,0,0,.204,.97,-.131,-.977,.21,.034,.061,.121,.991);
			es = "Linear";
			ed = "In";
		};
		["Head"] = {
			tm = .0170;
			cf = cfr(0,0,0,.144,-.975,.171,.987,.153,.042,-.068,.163,.984);
			es = "Linear";
			ed = "In";
		};
		["Left Arm"] = {
			tm = .0170;
			cf = cfr(-.258,-.2,.197,.531,.846,-.044,-.582,.402,.707,.616,-.35,.706);
			es = "Linear";
			ed = "In";
		};
		["Right Arm"] = {
			tm = .0170;
			cf = cfr(-.105,-.351,.356,.787,.573,-.228,-.003,.373,.928,.617,-.729,.296);
			es = "Linear";
			ed = "In";
		};
		["Handle"] = {
			tm = .0170;
			cf = cfr(-.551,-1.261,-.744,.958,-.124,-.258,-.058,.799,-.599,.28,.589,.758);
			es = "Linear";
			ed = "In";
		};
		["Left Leg"] = {
			tm = .0170;
			cf = cfr(0,0,0,1,0,0,0,1,0,0,0,1);
			es = "Linear";
			ed = "In";
		};
		["Right Leg"] = {
			tm = .0170;
			cf = cfr(0,0,0,1,0,0,0,1,0,0,0,1);
			es = "Linear";
			ed = "In";
		};
	};
	{
		tm = .65;
		["Torso"] = {
			tm = .0170;
			cf = cfr(0,0,0,.204,.97,-.131,-.977,.21,.034,.061,.121,.991);
			es = "Linear";
			ed = "In";
		};
		["Head"] = {
			tm = .0170;
			cf = cfr(0,0,0,.144,-.975,.171,.987,.153,.042,-.068,.163,.984);
			es = "Linear";
			ed = "In";
		};
		["Left Arm"] = {
			tm = .0170;
			cf = cfr(-.258,-.2,.197,.532,.846,-.044,-.581,.402,.707,.616,-.35,.706);
			es = "Linear";
			ed = "In";
		};
		["Right Arm"] = {
			tm = .0170;
			cf = cfr(-.105,-.351,.356,.787,.573,-.228,-.003,.373,.928,.617,-.729,.296);
			es = "Linear";
			ed = "In";
		};
		["Handle"] = {
			tm = .0170;
			cf = cfr(-.551,-1.261,-.744,.958,-.124,-.258,-.058,.799,-.599,.28,.589,.758);
			es = "Linear";
			ed = "In";
		};
		["Left Leg"] = {
			tm = .0170;
			cf = cfr(0,0,0,1,0,0,0,1,0,0,0,1);
			es = "Linear";
			ed = "In";
		};
		["Right Leg"] = {
			tm = .0170;
			cf = cfr(0,0,0,1,0,0,0,1,0,0,0,1);
			es = "Linear";
			ed = "In";
		};
	};
	{
		tm = .667;
		["Torso"] = {
			tm = .0160;
			cf = cfr(0,0,0,.204,.97,-.131,-.977,.21,.034,.061,.121,.991);
			es = "Linear";
			ed = "In";
		};
		["Head"] = {
			tm = .0160;
			cf = cfr(0,0,0,.144,-.975,.171,.987,.153,.042,-.068,.163,.984);
			es = "Linear";
			ed = "In";
		};
		["Left Arm"] = {
			tm = .0160;
			cf = cfr(-.258,-.2,.197,.532,.846,-.044,-.581,.402,.707,.616,-.35,.706);
			es = "Linear";
			ed = "In";
		};
		["Right Arm"] = {
			tm = .0160;
			cf = cfr(-.105,-.351,.356,.787,.573,-.228,-.003,.373,.928,.617,-.729,.296);
			es = "Linear";
			ed = "In";
		};
		["Handle"] = {
			tm = .0160;
			cf = cfr(-.551,-1.261,-.744,.958,-.124,-.258,-.058,.799,-.599,.28,.589,.758);
			es = "Linear";
			ed = "In";
		};
		["Left Leg"] = {
			tm = .0160;
			cf = cfr(0,0,0,1,0,0,0,1,0,0,0,1);
			es = "Linear";
			ed = "In";
		};
		["Right Leg"] = {
			tm = .0160;
			cf = cfr(0,0,0,1,0,0,0,1,0,0,0,1);
			es = "Linear";
			ed = "In";
		};
	};
	{
		tm = .683;
		["Torso"] = {
			tm = .0169;
			cf = cfr(0,0,0,.204,.97,-.131,-.977,.21,.034,.061,.121,.991);
			es = "Linear";
			ed = "In";
		};
		["Head"] = {
			tm = .0169;
			cf = cfr(0,0,0,.144,-.975,.171,.987,.153,.042,-.068,.163,.984);
			es = "Linear";
			ed = "In";
		};
		["Left Arm"] = {
			tm = .0169;
			cf = cfr(-.258,-.2,.197,.532,.846,-.044,-.581,.402,.707,.616,-.35,.706);
			es = "Linear";
			ed = "In";
		};
		["Right Arm"] = {
			tm = .0169;
			cf = cfr(-.105,-.351,.356,.787,.573,-.228,-.003,.373,.928,.617,-.729,.296);
			es = "Linear";
			ed = "In";
		};
		["Handle"] = {
			tm = .0169;
			cf = cfr(-.551,-1.261,-.744,.958,-.124,-.258,-.058,.799,-.599,.28,.589,.758);
			es = "Linear";
			ed = "In";
		};
		["Left Leg"] = {
			tm = .0169;
			cf = cfr(0,0,0,1,0,0,0,1,0,0,0,1);
			es = "Linear";
			ed = "In";
		};
		["Right Leg"] = {
			tm = .0169;
			cf = cfr(0,0,0,1,0,0,0,1,0,0,0,1);
			es = "Linear";
			ed = "In";
		};
	};
	{
		tm = .7;
		["Torso"] = {
			tm = .0170;
			cf = cfr(0,0,0,.204,.97,-.131,-.977,.21,.034,.061,.121,.991);
			es = "Linear";
			ed = "In";
		};
		["Head"] = {
			tm = .0170;
			cf = cfr(0,0,0,.144,-.975,.171,.987,.153,.042,-.068,.163,.984);
			es = "Linear";
			ed = "In";
		};
		["Left Arm"] = {
