-- // converted using mech's animoduler
local cfr = CFrame.new

return {
	{
		tm = 0;
		["Torso"] = {
			tm = .017;
			cf = cfr(0,0,0,.204,.97,-.131,-.977,.21,.034,.061,.121,.991);
			es = "Linear";
			ed = "In";
		};
		["Head"] = {
			tm = .017;
			cf = cfr(0,0,0,.144,-.975,.171,.987,.153,.042,-.068,.163,.984);
			es = "Linear";
			ed = "In";
		};
		["Left Arm"] = {
			tm = .017;
			cf = cfr(-.258,-.2,.197,.532,.846,-.044,-.581,.402,.707,.616,-.35,.706);
			es = "Linear";
			ed = "In";
		};
		["Right Arm"] = {
			tm = .017;
			cf = cfr(-.105,-.351,.356,.787,.573,-.228,-.003,.373,.928,.617,-.729,.296);
			es = "Linear";
			ed = "In";
		};
		["Handle"] = {
			tm = .017;
			cf = cfr(-.551,-1.261,-.744,.958,-.124,-.258,-.058,.799,-.599,.28,.589,.758);
			es = "Linear";
			ed = "In";
		};
		["Left Leg"] = {
			tm = .017;
			cf = cfr(0,0,0,1,0,0,0,1,0,0,0,1);
			es = "Linear";
			ed = "In";
		};
		["Right Leg"] = {
			tm = .017;
			cf = cfr(0,0,0,1,0,0,0,1,0,0,0,1);
			es = "Linear";
			ed = "In";
		};
	};
	{
		tm = .017;
		["Torso"] = {
			tm = .016;
			cf = cfr(0,0,0,.215,.968,-.132,-.975,.221,.033,.061,.121,.991);
			es = "Linear";
			ed = "In";
		};
		["Head"] = {
			tm = .016;
			cf = cfr(0,0,0,.149,-.974,.17,.986,.158,.043,-.068,.161,.985);
			es = "Linear";
			ed = "In";
		};
		["Left Arm"] = {
			tm = .016;
			cf = cfr(-.255,-.201,.197,.531,.846,-.044,-.582,.403,.707,.615,-.35,.706);
			es = "Linear";
			ed = "In";
		};
		["Right Arm"] = {
			tm = .016;
			cf = cfr(-.116,-.349,.36,.794,.566,-.221,-.004,.368,.93,.607,-.738,.294);
			es = "Linear";
			ed = "In";
		};
		["Handle"] = {
			tm = .016;
			cf = cfr(-.532,-1.291,-.753,.962,-.108,-.249,-.065,.799,-.598,.264,.592,.762);
			es = "Linear";
			ed = "In";
		};
		["Left Leg"] = {
			tm = .016;
			cf = cfr(0,0,0,1,0,0,0,1,0,0,0,1);
			es = "Linear";
			ed = "In";
		};
		["Right Leg"] = {
			tm = .016;
			cf = cfr(0,0,0,1,0,0,0,1,0,0,0,1);
			es = "Linear";
			ed = "In";
		};
	};
	{
		tm = .033;
		["Torso"] = {
			tm = .017;
			cf = cfr(0,0,0,.247,.96,-.134,-.967,.253,.03,.063,.122,.99);
			es = "Linear";
			ed = "In";
		};
		["Head"] = {
			tm = .017;
			cf = cfr(0,0,0,.164,-.972,.167,.984,.173,.043,-.071,.157,.985);
			es = "Linear";
			ed = "In";
		};
		["Left Arm"] = {
			tm = .017;
			cf = cfr(-.247,-.204,.196,.53,.847,-.045,-.584,.402,.705,.615,-.347,.708);
			es = "Linear";
			ed = "In";
		};
		["Right Arm"] = {
			tm = .017;
			cf = cfr(-.148,-.345,.369,.814,.544,-.204,-.003,.355,.935,.581,-.76,.291);
			es = "Linear";
			ed = "In";
		};
		["Handle"] = {
			tm = .017;
			cf = cfr(-.481,-1.371,-.779,.972,-.061,-.225,-.088,.8,-.594,.216,.598,.772);
			es = "Linear";
			ed = "In";
		};
		["Left Leg"] = {
			tm = .017;
			cf = cfr(0,0,0,1,0,0,0,1,0,0,0,1);
			es = "Linear";
			ed = "In";
		};
		["Right Leg"] = {
			tm = .017;
			cf = cfr(0,0,0,1,0,0,0,1,0,0,0,1);
			es = "Linear";
			ed = "In";
		};
	};
	{
		tm = .05;
		["Torso"] = {
			tm = .017;
			cf = cfr(0,0,0,.295,.946,-.138,-.953,.301,.025,.065,.124,.99);
			es = "Linear";
			ed = "In";
		};
		["Head"] = {
			tm = .017;
			cf = cfr(0,0,0,.19,-.968,.162,.979,.199,.044,-.075,.15,.986);
			es = "Linear";
			ed = "In";
		};
		["Left Arm"] = {
			tm = .017;
			cf = cfr(-.235,-.209,.196,.525,.85,-.047,-.587,.401,.703,.617,-.342,.709);
			es = "Linear";
			ed = "In";
		};
		["Right Arm"] = {
			tm = .017;
			cf = cfr(-.191,-.339,.379,.84,.511,-.181,-.002,.337,.942,.542,-.791,.284);
			es = "Linear";
			ed = "In";
		};
		["Handle"] = {
			tm = .017;
			cf = cfr(-.409,-1.487,-.82,.982,.019,-.185,-.127,.797,-.59,.136,.604,.786);
			es = "Linear";
			ed = "In";
		};
		["Left Leg"] = {
			tm = .017;
			cf = cfr(0,0,0,1,0,0,0,1,0,0,0,1);
			es = "Linear";
			ed = "In";
		};
		["Right Leg"] = {
			tm = .017;
			cf = cfr(0,0,0,1,0,0,0,1,0,0,0,1);
			es = "Linear";
			ed = "In";
		};
	};
	{
		tm = .067;
		["Torso"] = {
			tm = .016;
			cf = cfr(0,0,0,.355,.924,-.142,-.933,.361,.017,.067,.126,.99);
			es = "Linear";
			ed = "In";
		};
		["Head"] = {
			tm = .016;
			cf = cfr(0,0,0,.226,-.961,.156,.971,.236,.044,-.079,.141,.987);
			es = "Linear";
			ed = "In";
		};
		["Left Arm"] = {
			tm = .016;
			cf = cfr(-.22,-.216,.194,.515,.856,-.051,-.591,.398,.702,.621,-.331,.71);
			es = "Linear";
			ed = "In";
		};
		["Right Arm"] = {
			tm = .016;
			cf = cfr(-.241,-.333,.388,.869,.468,-.158,.002,.316,.949,.494,-.825,.274);
			es = "Linear";
			ed = "In";
		};
		["Handle"] = {
			tm = .016;
			cf = cfr(-.325,-1.622,-.874,.982,.135,-.131,-.187,.786,-.589,.023,.603,.798);
			es = "Linear";
			ed = "In";
		};
		["Left Leg"] = {
			tm = .016;
			cf = cfr(0,0,0,1,0,0,0,1,0,0,0,1);
			es = "Linear";
			ed = "In";
		};
		["Right Leg"] = {
			tm = .016;
			cf = cfr(0,0,0,1,0,0,0,1,0,0,0,1);
			es = "Linear";
			ed = "In";
		};
	};
	{
		tm = .083;
		["Torso"] = {
			tm = .017;
			cf = cfr(0,0,0,.423,.895,-.146,-.904,.428,.008,.07,.128,.989);
			es = "Linear";
			ed = "In";
		};
		["Head"] = {
			tm = .017;
			cf = cfr(0,0,0,.274,-.95,.149,.958,.283,.044,-.083,.131,.988);
			es = "Linear";
			ed = "In";
		};
		["Left Arm"] = {
			tm = .017;
			cf = cfr(-.201,-.225,.193,.499,.865,-.059,-.596,.391,.702,.63,-.315,.71);
			es = "Linear";
			ed = "In";
		};
		["Right Arm"] = {
			tm = .017;
			cf = cfr(-.29,-.327,.391,.896,.421,-.14,.01,.297,.955,.443,-.857,.262);
			es = "Linear";
			ed = "In";
		};
		["Handle"] = {
			tm = .017;
			cf = cfr(-.24,-1.762,-.939,.954,.292,-.063,-.271,.758,-.593,-.125,.583,.802);
			es = "Linear";
			ed = "In";
		};
		["Left Leg"] = {
			tm = .017;
			cf = cfr(0,0,0,1,0,0,0,1,0,0,0,1);
			es = "Linear";
			ed = "In";
		};
		["Right Leg"] = {
			tm = .017;
			cf = cfr(0,0,0,1,0,0,0,1,0,0,0,1);
			es = "Linear";
			ed = "In";
		};
	};
	{
		tm = .1;
		["Torso"] = {
			tm = .017;
			cf = cfr(0,0,0,.495,.856,-.148,-.866,.501,-.002,.072,.13,.989);
			es = "Linear";
			ed = "In";
		};
		["Head"] = {
			tm = .017;
			cf = cfr(0,0,0,.333,-.932,.14,.939,.342,.042,-.087,.118,.989);
			es = "Linear";
			ed = "In";
		};
		["Left Arm"] = {
			tm = .017;
			cf = cfr(-.181,-.234,.191,.473,.878,-.071,-.601,.38,.703,.645,-.29,.707);
			es = "Linear";
			ed = "In";
		};
		["Right Arm"] = {
			tm = .017;
			cf = cfr(-.332,-.324,.385,.919,.372,-.132,.024,.281,.959,.394,-.885,.249);
			es = "Linear";
			ed = "In";
		};
		["Handle"] = {
			tm = .017;
			cf = cfr(-.163,-1.893,-1.015,.874,.487,.016,-.377,.697,-.61,-.308,.527,.792);
			es = "Linear";
			ed = "In";
		};
		["Left Leg"] = {
			tm = .017;
			cf = cfr(0,0,0,1,0,0,0,1,0,0,0,1);
			es = "Linear";
			ed = "In";
		};
		["Right Leg"] = {
			tm = .017;
			cf = cfr(0,0,0,1,0,0,0,1,0,0,0,1);
			es = "Linear";
			ed = "In";
		};
	};
	{
		tm = .117;
		["Torso"] = {
			tm = .016;
			cf = cfr(0,0,0,.571,.807,-.15,-.817,.576,-.014,.075,.13,.989);
			es = "Linear";
			ed = "In";
		};
		["Head"] = {
			tm = .016;
			cf = cfr(0,0,0,.403,-.906,.131,.911,.411,.04,-.09,.103,.991);
			es = "Linear";
			ed = "In";
		};
		["Left Arm"] = {
			tm = .016;
			cf = cfr(-.16,-.245,.189,.434,.896,-.089,-.605,.364,.708,.667,-.253,.701);
			es = "Linear";
			ed = "In";
		};
		["Right Arm"] = {
			tm = .016;
			cf = cfr(-.36,-.324,.367,.934,.328,-.14,.048,.272,.961,.354,-.905,.238);
			es = "Linear";
			ed = "In";
		};
		["Handle"] = {
			tm = .016;
			cf = cfr(-.103,-1.998,-1.099,.703,.705,.094,-.496,.581,-.646,-.51,.407,.758);
			es = "Linear";
			ed = "In";
		};
		["Left Leg"] = {
			tm = .016;
			cf = cfr(0,0,0,1,0,0,0,1,0,0,0,1);
			es = "Linear";
			ed = "In";
		};
		["Right Leg"] = {
			tm = .016;
			cf = cfr(0,0,0,1,0,0,0,1,0,0,0,1);
			es = "Linear";
			ed = "In";
		};
	};
	{
		tm = .133;
		["Torso"] = {
			tm = .0169;
			cf = cfr(0,0,0,.649,.746,-.149,-.757,.653,-.028,.077,.131,.988);
			es = "Linear";
			ed = "In";
		};
		["Head"] = {
			tm = .0169;
			cf = cfr(0,0,0,.485,-.866,.121,.87,.492,.036,-.09,.087,.992);
			es = "Linear";
			ed = "In";
		};
		["Left Arm"] = {
			tm = .0169;
			cf = cfr(-.138,-.257,.186,.38,.918,-.113,-.609,.341,.716,.696,-.203,.688);
			es = "Linear";
			ed = "In";
		};
		["Right Arm"] = {
			tm = .0169;
			cf = cfr(-.367,-.328,.333,.941,.295,-.167,.085,.273,.958,.329,-.916,.231);
			es = "Linear";
			ed = "In";
		};
		["Handle"] = {
			tm = .0169;
			cf = cfr(-.072,-2.064,-1.189,.408,.901,.151,-.595,.387,-.705,-.693,.198,.693);
			es = "Linear";
			ed = "In";
		};
		["Left Leg"] = {
			tm = .0169;
			cf = cfr(0,0,0,1,0,0,0,1,0,0,0,1);
			es = "Linear";
			ed = "In";
		};
		["Right Leg"] = {
			tm = .0169;
			cf = cfr(0,0,0,1,0,0,0,1,0,0,0,1);
			es = "Linear";
			ed = "In";
		};
	};
	{
		tm = .15;
		["Torso"] = {
			tm = .0170;
			cf = cfr(0,0,0,.727,.671,-.146,-.682,.73,-.042,.078,.13,.988);
			es = "Linear";
			ed = "In";
		};
		["Head"] = {
			tm = .0170;
			cf = cfr(0,0,0,.578,-.809,.109,.811,.584,.031,-.088,.07,.994);
			es = "Linear";
			ed = "In";
		};
		["Left Arm"] = {
			tm = .0170;
			cf = cfr(-.117,-.27,.183,.306,.941,-.144,-.609,.309,.73,.732,-.136,.668);
			es = "Linear";
			ed = "In";
		};
		["Right Arm"] = {
			tm = .0170;
			cf = cfr(-.348,-.337,.279,.935,.278,-.22,.138,.287,.948,.326,-.917,.23);
			es = "Linear";
			ed = "In";
		};
		["Handle"] = {
			tm = .0170;
			cf = cfr(-.079,-2.075,-1.285,-.01,.988,.153,-.616,.115,-.78,-.788,-.102,.607);
			es = "Linear";
			ed = "In";
		};
		["Left Leg"] = {
			tm = .0170;
			cf = cfr(0,0,0,1,0,0,0,1,0,0,0,1);
			es = "Linear";
			ed = "In";
		};
		["Right Leg"] = {
			tm = .0170;
			cf = cfr(0,0,0,1,0,0,0,1,0,0,0,1);
			es = "Linear";
			ed = "In";
		};
	};
	{
		tm = .167;
		["Torso"] = {
			tm = .0159;
			cf = cfr(0,0,0,.805,.576,-.139,-.588,.807,-.059,.079,.129,.989);
			es = "Linear";
			ed = "In";
		};
		["Head"] = {
			tm = .0159;
			cf = cfr(0,0,0,.679,-.728,.095,.729,.684,.024,-.083,.052,.995);
			es = "Linear";
			ed = "In";
		};
		["Left Arm"] = {
			tm = .0159;
			cf = cfr(-.098,-.283,.179,.209,.961,-.179,-.602,.271,.751,.77,-.049,.636);
			es = "Linear";
			ed = "In";
		};
		["Right Arm"] = {
			tm = .0159;
			cf = cfr(-.298,-.352,.206,.913,.277,-.298,.205,.318,.926,.352,-.907,.234);
			es = "Linear";
			ed = "In";
		};
		["Handle"] = {
			tm = .0159;
			cf = cfr(-.129,-2.026,-1.383,-.459,.884,.084,-.504,-.181,-.845,-.732,-.43,.528);
			es = "Linear";
			ed = "In";
		};
		["Left Leg"] = {
			tm = .0159;
			cf = cfr(0,0,0,1,0,0,0,1,0,0,0,1);
			es = "Linear";
			ed = "In";
		};
		["Right Leg"] = {
			tm = .0159;
			cf = cfr(0,0,0,1,0,0,0,1,0,0,0,1);
			es = "Linear";
			ed = "In";
		};
	};
	{
		tm = .183;
		["Torso"] = {
			tm = .0170;
			cf = cfr(0,0,0,.881,.456,-.128,-.468,.881,-.077,.078,.127,.989);
			es = "Linear";
			ed = "In";
		};
		["Head"] = {
			tm = .0170;
			cf = cfr(0,0,0,.785,-.614,.078,.615,.788,.017,-.072,.034,.997);
			es = "Linear";
			ed = "In";
		};
		["Left Arm"] = {
			tm = .0170;
			cf = cfr(-.08,-.296,.175,.087,.973,-.216,-.586,.225,.778,.806,.059,.59);
			es = "Linear";
			ed = "In";
		};
		["Right Arm"] = {
			tm = .0170;
			cf = cfr(-.23,-.369,.126,.877,.289,-.385,.272,.363,.891,.397,-.886,.24);
			es = "Linear";
			ed = "In";
		};
		["Handle"] = {
			tm = .0170;
			cf = cfr(-.211,-1.95,-1.485,-.786,.618,-.019,-.284,-.388,-.877,-.549,-.684,.481);
			es = "Linear";
			ed = "In";
		};
		["Left Leg"] = {
			tm = .0170;
			cf = cfr(0,0,0,1,0,0,0,1,0,0,0,1);
			es = "Linear";
			ed = "In";
		};
		["Right Leg"] = {
			tm = .0170;
			cf = cfr(0,0,0,1,0,0,0,1,0,0,0,1);
			es = "Linear";
			ed = "In";
		};
	};
	{
		tm = .2;
		["Torso"] = {
			tm = .0169;
			cf = cfr(0,0,0,.947,.3,-.11,-.311,.946,-.096,.075,.125,.989);
			es = "Linear";
			ed = "In";
		};
		["Head"] = {
			tm = .0169;
			cf = cfr(0,0,0,.886,-.46,.057,.46,.888,.009,-.055,.018,.998);
			es = "Linear";
			ed = "In";
		};
		["Left Arm"] = {
			tm = .0169;
			cf = cfr(-.065,-.31,.17,-.057,.967,-.249,-.556,.176,.812,.829,.185,.528);
			es = "Linear";
			ed = "In";
		};
		["Right Arm"] = {
			tm = .0169;
			cf = cfr(-.157,-.385,.055,.834,.305,-.461,.319,.416,.852,.451,-.857,.249);
			es = "Linear";
			ed = "In";
		};
		["Handle"] = {
			tm = .0169;
			cf = cfr(-.307,-1.89,-1.588,-.939,.328,-.107,-.061,-.464,-.884,-.339,-.823,.456);
			es = "Linear";
			ed = "In";
		};
		["Left Leg"] = {
			tm = .0169;
			cf = cfr(0,0,0,1,0,0,0,1,0,0,0,1);
			es = "Linear";
			ed = "In";
		};
		["Right Leg"] = {
			tm = .0169;
			cf = cfr(0,0,0,1,0,0,0,1,0,0,0,1);
			es = "Linear";
			ed = "In";
		};
	};
	{
		tm = .217;
		["Torso"] = {
			tm = .0160;
			cf = cfr(0,0,0,.992,.093,-.082,-.102,.988,-.115,.07,.122,.99);
			es = "Linear";
			ed = "In";
		};
		["Head"] = {
			tm = .0160;
			cf = cfr(0,0,0,.966,-.255,.031,.255,.967,.003,-.031,.005,1);
			es = "Linear";
			ed = "In";
		};
		["Left Arm"] = {
			tm = .0160;
			cf = cfr(-.054,-.323,.165,-.215,.938,-.272,-.511,.129,.85,.832,.322,.452);
			es = "Linear";
			ed = "In";
		};
		["Right Arm"] = {
			tm = .0160;
			cf = cfr(-.094,-.395,.008,.798,.324,-.507,.331,.468,.819,.503,-.822,.267);
			es = "Linear";
			ed = "In";
		};
		["Handle"] = {
			tm = .0160;
			cf = cfr(-.402,-1.889,-1.695,-.98,.116,-.161,.094,-.445,-.89,-.175,-.888,.426);
			es = "Linear";
			ed = "In";
		};
		["Left Leg"] = {
			tm = .0160;
			cf = cfr(0,0,0,1,0,0,0,1,0,0,0,1);
			es = "Linear";
			ed = "In";
		};
		["Right Leg"] = {
			tm = .0160;
			cf = cfr(0,0,0,1,0,0,0,1,0,0,0,1);
			es = "Linear";
			ed = "In";
		};
	};
	{
		tm = .233;
		["Torso"] = {
			tm = .0169;
			cf = cfr(0,0,0,.983,-.181,-.038,.175,.976,-.129,.061,.121,.991);
			es = "Linear";
			ed = "In";
		};
		["Head"] = {
			tm = .0169;
			cf = cfr(0,0,0,1,0,0,0,1,0,0,0,1);
			es = "Linear";
			ed = "In";
		};
		["Left Arm"] = {
			tm = .0169;
			cf = cfr(-.047,-.337,.159,-.375,.883,-.281,-.452,.09,.887,.809,.46,.366);
			es = "Linear";
			ed = "In";
		};
		["Right Arm"] = {
			tm = .0169;
			cf = cfr(-.057,-.394,.003,.788,.348,-.509,.295,.513,.806,.541,-.785,.301);
			es = "Linear";
			ed = "In";
		};
		["Handle"] = {
			tm = .0169;
			cf = cfr(-.479,-1.99,-1.803,-.984,.013,-.179,.162,-.374,-.913,-.078,-.927,.366);
			es = "Linear";
			ed = "In";
		};
		["Left Leg"] = {
			tm = .0169;
			cf = cfr(0,0,0,1,0,0,0,1,0,0,0,1);
			es = "Linear";
			ed = "In";
		};
		["Right Leg"] = {
			tm = .0169;
			cf = cfr(0,0,0,1,0,0,0,1,0,0,0,1);
			es = "Linear";
			ed = "In";
		};
	};
	{
		tm = .25;
		["Torso"] = {
			tm = .0170;
			cf = cfr(0,0,0,.855,-.519,.023,.517,.846,-.129,.047,.122,.991);
			es = "Linear";
			ed = "In";
		};
		["Head"] = {
			tm = .0170;
			cf = cfr(0,0,0,.934,.355,-.041,-.356,.935,.004,.04,.011,.999);
			es = "Linear";
			ed = "In";
		};
		["Left Arm"] = {
			tm = .0170;
			cf = cfr(-.045,-.349,.153,-.514,.813,-.273,-.389,.063,.919,.765,.579,.284);
			es = "Linear";
			ed = "In";
		};
		["Right Arm"] = {
			tm = .0170;
			cf = cfr(-.053,-.38,.047,.81,.376,-.451,.206,.538,.817,.55,-.755,.359);
			es = "Linear";
			ed = "In";
		};
		["Handle"] = {
			tm = .0170;
			cf = cfr(-.523,-2.187,-1.9,-.986,.002,-.165,.158,-.281,-.947,-.048,-.96,.277);
			es = "Linear";
			ed = "In";
		};
		["Left Leg"] = {
			tm = .0170;
			cf = cfr(0,0,0,1,0,0,0,1,0,0,0,1);
			es = "Linear";
			ed = "In";
		};
		["Right Leg"] = {
			tm = .0170;
			cf = cfr(0,0,0,1,0,0,0,1,0,0,0,1);
			es = "Linear";
			ed = "In";
		};
	};
	{
		tm = .267;
		["Torso"] = {
			tm = .0159;
			cf = cfr(0,0,0,.55,-.83,.092,.834,.543,-.098,.032,.131,.991);
			es = "Linear";
			ed = "In";
		};
		["Head"] = {
			tm = .0159;
			cf = cfr(0,0,0,.64,.763,-.089,-.764,.644,.028,.079,.05,.996);
			es = "Linear";
			ed = "In";
		};
		["Left Arm"] = {
			tm = .0159;
			cf = cfr(-.046,-.356,.149,-.588,.765,-.262,-.349,.053,.936,.73,.642,.236);
			es = "Linear";
			ed = "In";
		};
		["Right Arm"] = {
			tm = .0159;
			cf = cfr(-.073,-.358,.123,.855,.392,-.339,.089,.535,.84,.51,-.749,.422);
			es = "Linear";
			ed = "In";
		};
		["Handle"] = {
			tm = .0159;
			cf = cfr(-.525,-2.273,-1.924,-.989,.022,-.149,.139,-.246,-.959,-.058,-.969,.24);
			es = "Linear";
			ed = "In";
		};
		["Left Leg"] = {
			tm = .0159;
			cf = cfr(0,0,0,1,0,0,0,1,0,0,0,1);
			es = "Linear";
			ed = "In";
		};
		["Right Leg"] = {
			tm = .0159;
			cf = cfr(0,0,0,1,0,0,0,1,0,0,0,1);
			es = "Linear";
			ed = "In";
		};
	};
	{
		tm = .283;
		["Torso"] = {
			tm = .0170;
			cf = cfr(0,0,0,.125,-.982,.143,.992,.121,-.039,.021,.146,.989);
			es = "Linear";
			ed = "In";
		};
		["Head"] = {
			tm = .0170;
			cf = cfr(0,0,0,.154,.981,-.12,-.984,.163,.073,.091,.107,.99);
			es = "Linear";
			ed = "In";
		};
		["Left Arm"] = {
			tm = .0170;
			cf = cfr(-.047,-.353,.15,-.568,.779,-.266,-.359,.056,.932,.741,.624,.248);
			es = "Linear";
			ed = "In";
		};
		["Right Arm"] = {
			tm = .0170;
			cf = cfr(-.101,-.335,.205,.912,.364,-.189,-.019,.497,.868,.41,-.788,.46);
			es = "Linear";
			ed = "In";
		};
		["Handle"] = {
			tm = .0170;
			cf = cfr(-.479,-1.99,-1.803,-.984,.013,-.179,.162,-.374,-.913,-.078,-.927,.366);
			es = "Linear";
			ed = "In";
		};
		["Left Leg"] = {
			tm = .0170;
			cf = cfr(0,0,0,1,0,0,0,1,0,0,0,1);
			es = "Linear";
			ed = "In";
		};
		["Right Leg"] = {
			tm = .0170;
			cf = cfr(0,0,0,1,0,0,0,1,0,0,0,1);
			es = "Linear";
			ed = "In";
		};
	};
	{
		tm = .3;
		["Torso"] = {
			tm = .0170;
			cf = cfr(0,0,0,-.262,-.951,.161,.965,-.262,.026,.017,.163,.987);
			es = "Linear";
			ed = "In";
		};
		["Head"] = {
			tm = .0170;
			cf = cfr(0,0,0,-.246,.961,-.126,-.966,-.233,.112,.079,.149,.986);
			es = "Linear";
			ed = "In";
		};
		["Left Arm"] = {
			tm = .0170;
			cf = cfr(-.047,-.337,.159,-.375,.883,-.281,-.452,.09,.887,.809,.46,.366);
			es = "Linear";
			ed = "In";
		};
		["Right Arm"] = {
			tm = .0170;
			cf = cfr(-.123,-.317,.272,.966,.256,-.022,-.092,.425,.901,.24,-.868,.434);
			es = "Linear";
			ed = "In";
		};
		["Handle"] = {
			tm = .0170;
			cf = cfr(-.385,-1.191,-1.495,-.957,-.113,-.269,.266,-.714,-.647,-.119,-.691,.713);
			es = "Linear";
			ed = "In";
		};
		["Left Leg"] = {
			tm = .0170;
			cf = cfr(0,0,0,1,0,0,0,1,0,0,0,1);
			es = "Linear";
			ed = "In";
		};
		["Right Leg"] = {
			tm = .0170;
			cf = cfr(0,0,0,1,0,0,0,1,0,0,0,1);
			es = "Linear";
			ed = "In";
		};
	};
	{
		tm = .317;
		["Torso"] = {
			tm = .0160;
			cf = cfr(0,0,0,-.511,-.845,.159,.859,-.506,.073,.019,.174,.985);
			es = "Linear";
			ed = "In";
		};
		["Head"] = {
			tm = .0160;
			cf = cfr(0,0,0,-.391,.912,-.124,-.918,-.376,.127,.069,.164,.984);
			es = "Linear";
			ed = "In";
		};
		["Left Arm"] = {
			tm = .0160;
			cf = cfr(-.043,-.304,.177,.189,.964,-.187,-.622,.265,.737,.76,-.022,.65);
			es = "Linear";
			ed = "In";
		};
		["Right Arm"] = {
			tm = .0160;
			cf = cfr(-.137,-.302,.323,.989,.063,.132,-.145,.324,.935,.016,-.944,.33);
			es = "Linear";
			ed = "In";
		};
		["Handle"] = {
			tm = .0160;
			cf = cfr(-.271,-.148,-1.105,-.895,-.35,-.276,.377,-.925,-.048,-.238,-.147,.96);
			es = "Linear";
			ed = "In";
		};
		["Left Leg"] = {
			tm = .0160;
			cf = cfr(0,0,0,1,0,0,0,1,0,0,0,1);
			es = "Linear";
			ed = "In";
		};
		["Right Leg"] = {
			tm = .0160;
			cf = cfr(0,0,0,1,0,0,0,1,0,0,0,1);
			es = "Linear";
			ed = "In";
		};
	};
	{
		tm = .333;
		["Torso"] = {
			tm = .0169;
			cf = cfr(0,0,0,-.626,-.765,.153,.78,-.618,.097,.02,.18,.984);
			es = "Linear";
			ed = "In";
		};
		["Head"] = {
			tm = .0169;
			cf = cfr(0,0,0,-.391,.912,-.124,-.918,-.376,.127,.069,.164,.984);
			es = "Linear";
			ed = "In";
		};
		["Left Arm"] = {
			tm = .0169;
			cf = cfr(-.038,-.262,.199,.825,.504,.257,-.558,.65,.515,.092,-.569,.817);
			es = "Linear";
			ed = "In";
		};
		["Right Arm"] = {
			tm = .0169;
			cf = cfr(-.145,-.292,.359,.954,-.184,.236,-.197,.209,.958,-.226,-.96,.163);
			es = "Linear";
			ed = "In";
		};
		["Handle"] = {
			tm = .0169;
			cf = cfr(-.176,.757,-.77,-.84,-.517,-.163,.395,-.791,.468,-.371,.329,.869);
			es = "Linear";
			ed = "In";
		};
		["Left Leg"] = {
			tm = .0169;
			cf = cfr(0,0,0,1,0,0,0,1,0,0,0,1);
			es = "Linear";
			ed = "In";
		};
		["Right Leg"] = {
			tm = .0169;
			cf = cfr(0,0,0,1,0,0,0,1,0,0,0,1);
			es = "Linear";
			ed = "In";
		};
	};
	{
		tm = .35;
		["Torso"] = {
			tm = .0170;
			cf = cfr(0,0,0,-.659,-.737,.15,.752,-.651,.104,.021,.181,.983);
			es = "Linear";
			ed = "In";
		};
		["Head"] = {
			tm = .0170;
			cf = cfr(0,0,0,-.391,.912,-.124,-.918,-.376,.127,.069,.164,.984);
			es = "Linear";
			ed = "In";
		};
		["Left Arm"] = {
			tm = .0170;
			cf = cfr(-.032,-.223,.221,.748,-.157,.645,-.232,.848,.476,-.622,-.506,.598);
			es = "Linear";
			ed = "In";
		};
		["Right Arm"] = {
			tm = .0170;
			cf = cfr(-.149,-.285,.383,.862,-.428,.27,-.253,.097,.962,-.438,-.899,-.024);
			es = "Linear";
			ed = "In";
		};
		["Handle"] = {
			tm = .0170;
			cf = cfr(-.137,1.143,-.628,-.822,-.561,-.099,.383,-.673,.632,-.421,.482,.768);
			es = "Linear";
			ed = "In";
		};
		["Left Leg"] = {
			tm = .0170;
			cf = cfr(0,0,0,1,0,0,0,1,0,0,0,1);
			es = "Linear";
			ed = "In";
		};
		["Right Leg"] = {
			tm = .0170;
			cf = cfr(0,0,0,1,0,0,0,1,0,0,0,1);
			es = "Linear";
			ed = "In";
		};
	};
	{
		tm = .367;
		["Torso"] = {
			tm = .0160;
			cf = cfr(0,0,0,-.645,-.749,.151,.764,-.637,.101,.021,.181,.983);
			es = "Linear";
			ed = "In";
		};
		["Head"] = {
			tm = .0160;
			cf = cfr(0,0,0,-.391,.912,-.124,-.918,-.376,.127,.069,.164,.984);
			es = "Linear";
			ed = "In";
		};
		["Left Arm"] = {
			tm = .0160;
			cf = cfr(-.027,-.196,.236,.501,-.43,.751,-.046,.853,.52,-.864,-.295,.407);
			es = "Linear";
			ed = "In";
		};
		["Right Arm"] = {
			tm = .0160;
			cf = cfr(-.149,-.281,.397,.745,-.62,.247,-.31,.007,.951,-.591,-.785,-.187);
			es = "Linear";
			ed = "In";
		};
		["Handle"] = {
			tm = .0160;
			cf = cfr(-.137,1.143,-.628,-.822,-.561,-.099,.383,-.673,.632,-.421,.482,.768);
			es = "Linear";
			ed = "In";
		};
		["Left Leg"] = {
			tm = .0160;
			cf = cfr(0,0,0,1,0,0,0,1,0,0,0,1);
			es = "Linear";
			ed = "In";
		};
		["Right Leg"] = {
			tm = .0160;
			cf = cfr(0,0,0,1,0,0,0,1,0,0,0,1);
			es = "Linear";
			ed = "In";
		};
	};
	{
		tm = .383;
		["Torso"] = {
			tm = .0170;
			cf = cfr(0,0,0,-.602,-.783,.154,.798,-.595,.092,.02,.178,.984);
			es = "Linear";
			ed = "In";
		};
		["Head"] = {
			tm = .0170;
			cf = cfr(0,0,0,-.391,.912,-.124,-.918,-.376,.127,.069,.164,.984);
			es = "Linear";
			ed = "In";
		};
		["Left Arm"] = {
			tm = .0170;
			cf = cfr(-.026,-.188,.24,.43,-.481,.764,-.006,.845,.535,-.903,-.235,.36);
			es = "Linear";
			ed = "In";
		};
		["Right Arm"] = {
			tm = .0170;
			cf = cfr(-.148,-.278,.404,.637,-.745,.199,-.357,-.056,.933,-.683,-.665,-.302);
			es = "Linear";
			ed = "In";
		};
		["Handle"] = {
			tm = .0170;
			cf = cfr(-.137,1.143,-.628,-.822,-.561,-.099,.383,-.673,.632,-.421,.482,.768);
			es = "Linear";
			ed = "In";
		};
		["Left Leg"] = {
			tm = .0170;
			cf = cfr(0,0,0,1,0,0,0,1,0,0,0,1);
			es = "Linear";
			ed = "In";
		};
		["Right Leg"] = {
			tm = .0170;
			cf = cfr(0,0,0,1,0,0,0,1,0,0,0,1);
			es = "Linear";
			ed = "In";
		};
	};
	{
		tm = .4;
		["Torso"] = {
			tm = .0169;
			cf = cfr(0,0,0,-.549,-.821,.157,.835,-.544,.081,.019,.176,.984);
			es = "Linear";
			ed = "In";
		};
		["Head"] = {
			tm = .0169;
			cf = cfr(0,0,0,-.391,.912,-.124,-.918,-.376,.127,.069,.164,.984);
			es = "Linear";
			ed = "In";
		};
		["Left Arm"] = {
			tm = .0169;
			cf = cfr(-.027,-.192,.238,.465,-.457,.758,-.026,.849,.528,-.885,-.265,.383);
			es = "Linear";
			ed = "In";
		};
		["Right Arm"] = {
			tm = .0169;
			cf = cfr(-.146,-.277,.407,.563,-.812,.155,-.387,-.094,.917,-.73,-.576,-.367);
			es = "Linear";
			ed = "In";
		};
		["Handle"] = {
			tm = .0169;
			cf = cfr(-.137,1.143,-.628,-.822,-.561,-.099,.383,-.673,.632,-.421,.482,.768);
			es = "Linear";
			ed = "In";
		};
		["Left Leg"] = {
			tm = .0169;
			cf = cfr(0,0,0,1,0,0,0,1,0,0,0,1);
			es = "Linear";
			ed = "In";
		};
		["Right Leg"] = {
			tm = .0169;
			cf = cfr(0,0,0,1,0,0,0,1,0,0,0,1);
			es = "Linear";
			ed = "In";
		};
	};
	{
		tm = .417;
		["Torso"] = {
			tm = .0160;
			cf = cfr(0,0,0,-.511,-.845,.159,.859,-.506,.073,.019,.174,.985);
			es = "Linear";
			ed = "In";
		};
		["Head"] = {
			tm = .0160;
			cf = cfr(0,0,0,-.391,.912,-.124,-.918,-.376,.127,.069,.164,.984);
			es = "Linear";
			ed = "In";
		};
		["Left Arm"] = {
			tm = .0160;
			cf = cfr(-.027,-.196,.236,.501,-.43,.751,-.046,.853,.52,-.864,-.295,.407);
			es = "Linear";
			ed = "In";
		};
		["Right Arm"] = {
			tm = .0160;
			cf = cfr(-.145,-.277,.407,.536,-.833,.137,-.398,-.106,.911,-.744,-.543,-.389);
			es = "Linear";
			ed = "In";
		};
		["Handle"] = {
			tm = .0160;
			cf = cfr(-.137,1.143,-.628,-.822,-.561,-.099,.383,-.673,.632,-.421,.482,.768);
			es = "Linear";
			ed = "In";
		};
		["Left Leg"] = {
			tm = .0160;
			cf = cfr(0,0,0,1,0,0,0,1,0,0,0,1);
			es = "Linear";
			ed = "In";
		};
		["Right Leg"] = {
			tm = .0160;
			cf = cfr(0,0,0,1,0,0,0,1,0,0,0,1);
			es = "Linear";
			ed = "In";
		};
	};
	{
		tm = .433;
		["Torso"] = {
			tm = .0170;
			cf = cfr(0,0,0,-.506,-.848,.159,.862,-.501,.072,.018,.174,.985);
			es = "Linear";
			ed = "In";
		};
		["Head"] = {
			tm = .0170;
			cf = cfr(0,0,0,-.391,.912,-.124,-.918,-.376,.127,.069,.164,.984);
			es = "Linear";
			ed = "In";
		};
		["Left Arm"] = {
			tm = .0170;
			cf = cfr(-.027,-.196,.236,.501,-.43,.751,-.046,.853,.52,-.864,-.295,.407);
			es = "Linear";
			ed = "In";
		};
		["Right Arm"] = {
			tm = .0170;
			cf = cfr(-.145,-.277,.407,.536,-.833,.137,-.398,-.106,.911,-.744,-.543,-.389);
			es = "Linear";
			ed = "In";
		};
		["Handle"] = {
			tm = .0170;
			cf = cfr(-.137,1.143,-.628,-.822,-.561,-.099,.383,-.673,.632,-.421,.482,.768);
			es = "Linear";
			ed = "In";
		};
		["Left Leg"] = {
			tm = .0170;
			cf = cfr(0,0,0,1,0,0,0,1,0,0,0,1);
			es = "Linear";
			ed = "In";
		};
		["Right Leg"] = {
			tm = .0170;
			cf = cfr(0,0,0,1,0,0,0,1,0,0,0,1);
			es = "Linear";
			ed = "In";
		};
	};
	{
		tm = .45;
		["Torso"] = {
			tm = .0170;
			cf = cfr(0,0,0,-.511,-.845,.159,.859,-.506,.073,.019,.174,.985);
			es = "Linear";
			ed = "In";
		};
		["Head"] = {
			tm = .0170;
			cf = cfr(0,0,0,-.391,.912,-.124,-.918,-.376,.127,.069,.164,.984);
			es = "Linear";
			ed = "In";
		};
		["Left Arm"] = {
			tm = .0170;
			cf = cfr(-.027,-.196,.236,.501,-.43,.751,-.046,.853,.52,-.864,-.295,.407);
			es = "Linear";
			ed = "In";
		};
		["Right Arm"] = {
			tm = .0170;
			cf = cfr(-.145,-.277,.407,.536,-.833,.137,-.398,-.106,.911,-.744,-.543,-.389);
			es = "Linear";
			ed = "In";
		};
		["Handle"] = {
			tm = .0170;
			cf = cfr(-.137,1.143,-.628,-.822,-.561,-.099,.383,-.673,.632,-.421,.482,.768);
			es = "Linear";
			ed = "In";
		};
		["Left Leg"] = {
			tm = .0170;
			cf = cfr(0,0,0,1,0,0,0,1,0,0,0,1);
			es = "Linear";
			ed = "In";
		};
		["Right Leg"] = {
			tm = .0170;
			cf = cfr(0,0,0,1,0,0,0,1,0,0,0,1);
			es = "Linear";
			ed = "In";
		};
	};
	{
		tm = .467;
		["Torso"] = {
			tm = .0159;
			cf = cfr(0,0,0,-.511,-.845,.159,.859,-.506,.073,.019,.174,.985);
			es = "Linear";
			ed = "In";
		};
		["Head"] = {
			tm = .0159;
			cf = cfr(0,0,0,-.391,.912,-.124,-.918,-.376,.127,.069,.164,.984);
			es = "Linear";
			ed = "In";
		};
		["Left Arm"] = {
			tm = .0159;
			cf = cfr(-.027,-.196,.236,.501,-.43,.751,-.046,.853,.52,-.864,-.295,.407);
			es = "Linear";
			ed = "In";
		};
		["Right Arm"] = {
			tm = .0159;
			cf = cfr(-.145,-.277,.407,.536,-.833,.137,-.398,-.106,.911,-.744,-.543,-.389);
			es = "Linear";
			ed = "In";
		};
		["Handle"] = {
			tm = .0159;
			cf = cfr(-.137,1.143,-.628,-.822,-.561,-.099,.383,-.673,.632,-.421,.482,.768);
			es = "Linear";
			ed = "In";
		};
		["Left Leg"] = {
			tm = .0159;
			cf = cfr(0,0,0,1,0,0,0,1,0,0,0,1);
			es = "Linear";
			ed = "In";
		};
		["Right Leg"] = {
			tm = .0159;
			cf = cfr(0,0,0,1,0,0,0,1,0,0,0,1);
			es = "Linear";
			ed = "In";
		};
	};
	{
		tm = .483;
		["Torso"] = {
			tm = .0170;
			cf = cfr(0,0,0,-.511,-.845,.159,.859,-.506,.073,.019,.174,.985);
			es = "Linear";
			ed = "In";
		};
		["Head"] = {
			tm = .0170;
			cf = cfr(0,0,0,-.391,.912,-.124,-.918,-.376,.127,.069,.164,.984);
			es = "Linear";
			ed = "In";
		};
		["Left Arm"] = {
			tm = .0170;
			cf = cfr(-.027,-.196,.236,.501,-.43,.751,-.046,.853,.52,-.864,-.295,.407);
			es = "Linear";
			ed = "In";
		};
		["Right Arm"] = {
			tm = .0170;
			cf = cfr(-.145,-.277,.407,.536,-.833,.137,-.398,-.106,.911,-.744,-.543,-.389);
			es = "Linear";
			ed = "In";
		};
		["Handle"] = {
			tm = .0170;
			cf = cfr(-.137,1.143,-.628,-.822,-.561,-.099,.383,-.673,.632,-.421,.482,.768);
			es = "Linear";
			ed = "In";
		};
		["Left Leg"] = {
			tm = .0170;
			cf = cfr(0,0,0,1,0,0,0,1,0,0,0,1);
			es = "Linear";
			ed = "In";
		};
		["Right Leg"] = {
			tm = .0170;
			cf = cfr(0,0,0,1,0,0,0,1,0,0,0,1);
			es = "Linear";
			ed = "In";
		};
	};
	{
		tm = .5;
		["Torso"] = {
			tm = .0170;
			cf = cfr(0,0,0,-.511,-.845,.159,.859,-.506,.073,.019,.174,.985);
			es = "Linear";
			ed = "In";
		};
		["Head"] = {
			tm = .0170;
			cf = cfr(0,0,0,-.391,.912,-.124,-.918,-.376,.127,.069,.164,.984);
			es = "Linear";
			ed = "In";
		};
		["Left Arm"] = {
			tm = .0170;
			cf = cfr(-.027,-.196,.236,.501,-.43,.751,-.046,.853,.52,-.864,-.295,.407);
			es = "Linear";
			ed = "In";
		};
		["Right Arm"] = {
			tm = .0170;
			cf = cfr(-.145,-.277,.407,.536,-.833,.137,-.398,-.106,.911,-.744,-.543,-.389);
			es = "Linear";
			ed = "In";
		};
		["Handle"] = {
			tm = .0170;
			cf = cfr(-.137,1.143,-.628,-.822,-.561,-.099,.383,-.673,.632,-.421,.482,.768);
			es = "Linear";
			ed = "In";
		};
		["Left Leg"] = {
			tm = .0170;
			cf = cfr(0,0,0,1,0,0,0,1,0,0,0,1);
			es = "Linear";
			ed = "In";
		};
		["Right Leg"] = {
			tm = .0170;
			cf = cfr(0,0,0,1,0,0,0,1,0,0,0,1);
			es = "Linear";
			ed = "In";
		};
	};
	{
		tm = .517;
		["Torso"] = {
			tm = .0160;
			cf = cfr(0,0,0,-.511,-.845,.159,.859,-.506,.073,.019,.174,.985);
			es = "Linear";
			ed = "In";
		};
		["Head"] = {
			tm = .0160;
			cf = cfr(0,0,0,-.391,.912,-.124,-.918,-.376,.127,.069,.164,.984);
			es = "Linear";
			ed = "In";
		};
		["Left Arm"] = {
			tm = .0160;
			cf = cfr(-.027,-.196,.236,.501,-.43,.751,-.046,.853,.52,-.864,-.295,.407);
			es = "Linear";
			ed = "In";
		};
		["Right Arm"] = {
			tm = .0160;
			cf = cfr(-.145,-.277,.407,.536,-.833,.137,-.398,-.106,.911,-.744,-.543,-.389);
			es = "Linear";
			ed = "In";
		};
		["Handle"] = {
			tm = .0160;
			cf = cfr(-.137,1.143,-.628,-.822,-.561,-.099,.383,-.673,.632,-.421,.482,.768);
			es = "Linear";
			ed = "In";
		};
		["Left Leg"] = {
			tm = .0160;
			cf = cfr(0,0,0,1,0,0,0,1,0,0,0,1);
			es = "Linear";
			ed = "In";
		};
		["Right Leg"] = {
			tm = .0160;
			cf = cfr(0,0,0,1,0,0,0,1,0,0,0,1);
			es = "Linear";
			ed = "In";
		};
	};
	{
		tm = .533;
		["Torso"] = {
			tm = .0170;
			cf = cfr(0,0,0,-.511,-.845,.159,.859,-.506,.073,.019,.174,.985);
			es = "Linear";
			ed = "In";
		};
		["Head"] = {
			tm = .0170;
			cf = cfr(0,0,0,-.391,.912,-.124,-.918,-.376,.127,.069,.164,.984);
			es = "Linear";
			ed = "In";
		};
		["Left Arm"] = {
			tm = .0170;
			cf = cfr(-.027,-.196,.236,.501,-.43,.751,-.046,.853,.52,-.864,-.295,.407);
			es = "Linear";
			ed = "In";
		};
		["Right Arm"] = {
			tm = .0170;
			cf = cfr(-.145,-.277,.407,.536,-.833,.137,-.398,-.106,.911,-.744,-.543,-.389);
			es = "Linear";
			ed = "In";
		};
		["Handle"] = {
			tm = .0170;
			cf = cfr(-.137,1.143,-.628,-.822,-.561,-.099,.383,-.673,.632,-.421,.482,.768);
			es = "Linear";
			ed = "In";
		};
		["Left Leg"] = {
			tm = .0170;
			cf = cfr(0,0,0,1,0,0,0,1,0,0,0,1);
			es = "Linear";
			ed = "In";
		};
		["Right Leg"] = {
			tm = .0170;
			cf = cfr(0,0,0,1,0,0,0,1,0,0,0,1);
			es = "Linear";
			ed = "In";
		};
	};
	{
		tm = .55;
		["Torso"] = {
			tm = .0169;
			cf = cfr(0,0,0,-.511,-.845,.159,.859,-.506,.073,.019,.174,.985);
			es = "Linear";
			ed = "In";
		};
		["Head"] = {
			tm = .0169;
			cf = cfr(0,0,0,-.391,.912,-.124,-.918,-.376,.127,.069,.164,.984);
			es = "Linear";
			ed = "In";
		};
		["Left Arm"] = {
			tm = .0169;
			cf = cfr(-.027,-.196,.236,.501,-.43,.751,-.046,.853,.52,-.864,-.295,.407);
			es = "Linear";
			ed = "In";
		};
		["Right Arm"] = {
			tm = .0169;
			cf = cfr(-.145,-.277,.407,.536,-.833,.137,-.398,-.106,.911,-.744,-.543,-.389);
			es = "Linear";
			ed = "In";
		};
		["Handle"] = {
			tm = .0169;
			cf = cfr(-.137,1.143,-.628,-.822,-.561,-.099,.383,-.673,.632,-.421,.482,.768);
			es = "Linear";
			ed = "In";
		};
		["Left Leg"] = {
			tm = .0169;
			cf = cfr(0,0,0,1,0,0,0,1,0,0,0,1);
			es = "Linear";
			ed = "In";
		};
		["Right Leg"] = {
			tm = .0169;
			cf = cfr(0,0,0,1,0,0,0,1,0,0,0,1);
			es = "Linear";
			ed = "In";
		};
	};
	{
		tm = .567;
		["Torso"] = {
			tm = .0160;
			cf = cfr(0,0,0,-.511,-.845,.159,.859,-.506,.073,.019,.174,.985);
			es = "Linear";
			ed = "In";
		};
		["Head"] = {
			tm = .0160;
			cf = cfr(0,0,0,-.391,.912,-.124,-.918,-.376,.127,.069,.164,.984);
			es = "Linear";
			ed = "In";
		};
		["Left Arm"] = {
			tm = .0160;
			cf = cfr(-.027,-.196,.236,.501,-.43,.751,-.046,.853,.52,-.864,-.295,.407);
			es = "Linear";
			ed = "In";
		};
		["Right Arm"] = {
			tm = .0160;
			cf = cfr(-.145,-.277,.407,.536,-.833,.137,-.398,-.106,.911,-.744,-.543,-.389);
			es = "Linear";
			ed = "In";
		};
		["Handle"] = {
			tm = .0160;
			cf = cfr(-.137,1.143,-.628,-.822,-.561,-.099,.383,-.673,.632,-.421,.482,.768);
			es = "Linear";
			ed = "In";
		};
		["Left Leg"] = {
			tm = .0160;
			cf = cfr(0,0,0,1,0,0,0,1,0,0,0,1);
			es = "Linear";
			ed = "In";
		};
		["Right Leg"] = {
			tm = .0160;
			cf = cfr(0,0,0,1,0,0,0,1,0,0,0,1);
			es = "Linear";
			ed = "In";
		};
	};
	{
		tm = .583;
		["Torso"] = {
			tm = .0170;
			cf = cfr(0,0,0,-.511,-.845,.159,.859,-.506,.073,.019,.174,.985);
			es = "Linear";
			ed = "In";
		};
		["Head"] = {
			tm = .0170;
			cf = cfr(0,0,0,-.391,.912,-.124,-.918,-.376,.127,.069,.164,.984);
			es = "Linear";
			ed = "In";
		};
		["Left Arm"] = {
			tm = .0170;
			cf = cfr(-.027,-.196,.236,.501,-.43,.751,-.046,.853,.52,-.864,-.295,.407);
			es = "Linear";
			ed = "In";
		};
		["Right Arm"] = {
			tm = .0170;
			cf = cfr(-.145,-.277,.407,.536,-.833,.137,-.398,-.106,.911,-.744,-.543,-.389);
			es = "Linear";
			ed = "In";
		};
		["Handle"] = {
			tm = .0170;
			cf = cfr(-.137,1.143,-.628,-.822,-.561,-.099,.383,-.673,.632,-.421,.482,.768);
			es = "Linear";
			ed = "In";
		};
		["Left Leg"] = {
			tm = .0170;
			cf = cfr(0,0,0,1,0,0,0,1,0,0,0,1);
			es = "Linear";
			ed = "In";
		};
		["Right Leg"] = {
			tm = .0170;
			cf = cfr(0,0,0,1,0,0,0,1,0,0,0,1);
			es = "Linear";
			ed = "In";
		};
	};
	{
		tm = .6;
		["Torso"] = {
			tm = .0170;
			cf = cfr(0,0,0,-.511,-.845,.159,.859,-.506,.073,.019,.174,.985);
			es = "Linear";
			ed = "In";
		};
		["Head"] = {
			tm = .0170;
			cf = cfr(0,0,0,-.391,.912,-.124,-.918,-.376,.127,.069,.164,.984);
			es = "Linear";
			ed = "In";
		};
		["Left Arm"] = {
			tm = .0170;
			cf = cfr(-.027,-.196,.236,.501,-.43,.751,-.046,.853,.52,-.864,-.295,.407);
			es = "Linear";
			ed = "In";
		};
		["Right Arm"] = {
			tm = .0170;
			cf = cfr(-.145,-.277,.407,.536,-.833,.137,-.398,-.106,.911,-.744,-.543,-.389);
			es = "Linear";
			ed = "In";
		};
		["Handle"] = {
			tm = .0170;
			cf = cfr(-.137,1.143,-.628,-.822,-.561,-.099,.383,-.673,.632,-.421,.482,.768);
			es = "Linear";
			ed = "In";
		};
		["Left Leg"] = {
			tm = .0170;
			cf = cfr(0,0,0,1,0,0,0,1,0,0,0,1);
			es = "Linear";
			ed = "In";
		};
		["Right Leg"] = {
			tm = .0170;
			cf = cfr(0,0,0,1,0,0,0,1,0,0,0,1);
			es = "Linear";
			ed = "In";
		};
	};
	{
		tm = .617;
		["Torso"] = {
			tm = .0160;
			cf = cfr(0,0,0,-.511,-.845,.159,.859,-.506,.073,.019,.174,.985);
			es = "Linear";
			ed = "In";
		};
		["Head"] = {
			tm = .0160;
			cf = cfr(0,0,0,-.391,.912,-.124,-.918,-.376,.127,.069,.164,.984);
			es = "Linear";
			ed = "In";
		};
		["Left Arm"] = {
			tm = .0160;
			cf = cfr(-.027,-.196,.236,.501,-.43,.751,-.046,.853,.52,-.864,-.295,.407);
			es = "Linear";
			ed = "In";
		};
		["Right Arm"] = {
			tm = .0160;
			cf = cfr(-.145,-.277,.407,.536,-.833,.137,-.398,-.106,.911,-.744,-.543,-.389);
			es = "Linear";
			ed = "In";
		};
		["Handle"] = {
			tm = .0160;
			cf = cfr(-.137,1.143,-.628,-.822,-.561,-.099,.383,-.673,.632,-.421,.482,.768);
			es = "Linear";
			ed = "In";
		};
		["Left Leg"] = {
			tm = .0160;
			cf = cfr(0,0,0,1,0,0,0,1,0,0,0,1);
			es = "Linear";
			ed = "In";
		};
		["Right Leg"] = {
			tm = .0160;
			cf = cfr(0,0,0,1,0,0,0,1,0,0,0,1);
			es = "Linear";
			ed = "In";
		};
	};
	{
		tm = .633;
		["Torso"] = {
			tm = .0170;
			cf = cfr(0,0,0,-.511,-.845,.159,.859,-.506,.073,.019,.174,.985);
			es = "Linear";
			ed = "In";
		};
		["Head"] = {
			tm = .0170;
			cf = cfr(0,0,0,-.391,.912,-.124,-.918,-.376,.127,.069,.164,.984);
			es = "Linear";
			ed = "In";
		};
		["Left Arm"] = {
			tm = .0170;
			cf = cfr(-.027,-.196,.236,.501,-.43,.751,-.046,.853,.52,-.864,-.295,.407);
			es = "Linear";
			ed = "In";
		};
		["Right Arm"] = {
			tm = .0170;
			cf = cfr(-.145,-.277,.407,.536,-.833,.137,-.398,-.106,.911,-.744,-.543,-.389);
			es = "Linear";
			ed = "In";
		};
		["Handle"] = {
			tm = .0170;
			cf = cfr(-.137,1.143,-.628,-.822,-.561,-.099,.383,-.673,.632,-.421,.482,.768);
			es = "Linear";
			ed = "In";
		};
		["Left Leg"] = {
			tm = .0170;
			cf = cfr(0,0,0,1,0,0,0,1,0,0,0,1);
			es = "Linear";
			ed = "In";
		};
		["Right Leg"] = {
			tm = .0170;
			cf = cfr(0,0,0,1,0,0,0,1,0,0,0,1);
			es = "Linear";
			ed = "In";
		};
	};
	{
		tm = .65;
		["Torso"] = {
			tm = .0170;
			cf = cfr(0,0,0,-.511,-.845,.159,.859,-.506,.073,.019,.174,.985);
			es = "Linear";
			ed = "In";
		};
		["Head"] = {
			tm = .0170;
			cf = cfr(0,0,0,-.391,.912,-.124,-.918,-.376,.127,.069,.164,.984);
			es = "Linear";
			ed = "In";
		};
		["Left Arm"] = {
			tm = .0170;
			cf = cfr(-.027,-.196,.236,.501,-.43,.751,-.046,.853,.52,-.864,-.295,.407);
			es = "Linear";
			ed = "In";
		};
		["Right Arm"] = {
			tm = .0170;
			cf = cfr(-.145,-.277,.407,.536,-.833,.137,-.398,-.106,.911,-.744,-.543,-.389);
			es = "Linear";
			ed = "In";
		};
		["Handle"] = {
			tm = .0170;
			cf = cfr(-.137,1.143,-.628,-.822,-.561,-.099,.383,-.673,.632,-.421,.482,.768);
			es = "Linear";
			ed = "In";
		};
		["Left Leg"] = {
			tm = .0170;
			cf = cfr(0,0,0,1,0,0,0,1,0,0,0,1);
			es = "Linear";
			ed = "In";
		};
		["Right Leg"] = {
			tm = .0170;
			cf = cfr(0,0,0,1,0,0,0,1,0,0,0,1);
			es = "Linear";
			ed = "In";
		};
	};
	{
		tm = .667;
		["Torso"] = {
			tm = .0160;
			cf = cfr(0,0,0,-.511,-.845,.159,.859,-.506,.073,.019,.174,.985);
			es = "Linear";
			ed = "In";
		};
		["Head"] = {
			tm = .0160;
			cf = cfr(0,0,0,-.391,.912,-.124,-.918,-.376,.127,.069,.164,.984);
			es = "Linear";
			ed = "In";
		};
		["Left Arm"] = {
			tm = .0160;
			cf = cfr(-.027,-.196,.236,.501,-.43,.751,-.046,.853,.52,-.864,-.295,.407);
			es = "Linear";
			ed = "In";
		};
		["Right Arm"] = {
			tm = .0160;
			cf = cfr(-.145,-.277,.407,.536,-.833,.137,-.398,-.106,.911,-.744,-.543,-.389);
			es = "Linear";
			ed = "In";
		};
		["Handle"] = {
			tm = .0160;
			cf = cfr(-.137,1.143,-.628,-.822,-.561,-.099,.383,-.673,.632,-.421,.482,.768);
			es = "Linear";
			ed = "In";
		};
		["Left Leg"] = {
			tm = .0160;
			cf = cfr(0,0,0,1,0,0,0,1,0,0,0,1);
			es = "Linear";
			ed = "In";
		};
		["Right Leg"] = {
			tm = .0160;
			cf = cfr(0,0,0,1,0,0,0,1,0,0,0,1);
			es = "Linear";
			ed = "In";
		};
	};
	{
		tm = .683;
		["Torso"] = {
			tm = .0169;
			cf = cfr(0,0,0,-.511,-.845,.159,.859,-.506,.073,.019,.174,.985);
			es = "Linear";
			ed = "In";
		};
		["Head"] = {
			tm = .0169;
			cf = cfr(0,0,0,-.391,.912,-.124,-.918,-.376,.127,.069,.164,.984);
			es = "Linear";
			ed = "In";
		};
		["Left Arm"] = {
			tm = .0169;
			cf = cfr(-.027,-.196,.236,.501,-.43,.751,-.046,.853,.52,-.864,-.295,.407);
			es = "Linear";
			ed = "In";
		};
		["Right Arm"] = {
			tm = .0169;
			cf = cfr(-.145,-.277,.407,.536,-.833,.137,-.398,-.106,.911,-.744,-.543,-.389);
			es = "Linear";
			ed = "In";
		};
		["Handle"] = {
			tm = .0169;
