-- // converted using mech's animoduler
local cfr = CFrame.new

return {{tm=.067;["Torso"]={tm=.033;cf=cfr(0,0,-.8,1,0,0,0,.707,-.707,0,.707,.707);es="Cubic";ed="In";};["Left Leg"]={tm=.033;cf=cfr(-.354,1.131,0,.643,.766,0,-.766,.643,0,0,0,1);es="Cubic";ed="In";};["Right Arm"]={tm=.033;cf=cfr(0,0,0,-.835,-.228,.5,.493,-.712,.5,.242,.664,.707);es="Cubic";ed="In";};["Left Arm"]={tm=.033;cf=cfr(0,0,0,-.848,.311,-.429,-.48,-.794,.374,-.225,.523,.822);es="Cubic";ed="In";};["Right Leg"]={tm=.033;cf=cfr(.743,-.181,0,.906,.423,0,-.423,.906,0,0,0,1);es="Cubic";ed="In";};};{tm=.1;["Torso"]={tm=.033;cf=cfr(0,0,-.8,1,0,0,0,.707,-.707,0,.707,.707);es="Cubic";ed="In";};["Left Leg"]={tm=.033;cf=cfr(-.354,1.131,0,.643,.766,0,-.766,.643,0,0,0,1);es="Cubic";ed="In";};["Right Arm"]={tm=.033;cf=cfr(0,0,0,-.835,-.228,.5,.493,-.712,.5,.242,.664,.707);es="Cubic";ed="In";};["Left Arm"]={tm=.033;cf=cfr(0,0,0,-.848,.311,-.429,-.48,-.794,.374,-.225,.523,.822);es="Cubic";ed="In";};["Right Leg"]={tm=.033;cf=cfr(.743,-.181,0,.906,.423,0,-.423,.906,0,0,0,1);es="Cubic";ed="In";};};{tm=.133;["Torso"]={tm=.034;cf=cfr(0,0,-.8,1,0,0,0,.707,-.707,0,.707,.707);es="Cubic";ed="In";};["Left Leg"]={tm=.034;cf=cfr(-.354,1.131,0,.643,.766,0,-.766,.643,0,0,0,1);es="Cubic";ed="In";};["Right Arm"]={tm=.034;cf=cfr(0,0,0,-.835,-.228,.5,.493,-.712,.5,.242,.664,.707);es="Cubic";ed="In";};["Left Arm"]={tm=.034;cf=cfr(0,0,0,-.848,.311,-.429,-.48,-.794,.374,-.225,.523,.822);es="Cubic";ed="In";};["Right Leg"]={tm=.034;cf=cfr(.743,-.181,0,.906,.423,0,-.423,.906,0,0,0,1);es="Cubic";ed="In";};};{tm=.167;["Torso"]={tm=.033;cf=cfr(0,0,-.8,1,0,0,0,.707,-.707,0,.707,.707);es="Cubic";ed="In";};["Left Leg"]={tm=.033;cf=cfr(-.354,1.131,0,.643,.766,0,-.766,.643,0,0,0,1);es="Cubic";ed="In";};["Right Arm"]={tm=.033;cf=cfr(0,0,0,-.835,-.228,.5,.493,-.712,.5,.242,.664,.707);es="Cubic";ed="In";};["Left Arm"]={tm=.033;cf=cfr(0,0,0,-.848,.311,-.429,-.48,-.794,.374,-.225,.523,.822);es="Cubic";ed="In";};["Right Leg"]={tm=.033;cf=cfr(.743,-.181,0,.906,.423,0,-.423,.906,0,0,0,1);es="Cubic";ed="In";};};{tm=.2;["Torso"]={tm=.033;cf=cfr(0,0,-.8,1,0,0,0,.707,-.707,0,.707,.707);es="Cubic";ed="In";};["Left Leg"]={tm=.033;cf=cfr(-.354,1.131,0,.643,.766,0,-.766,.643,0,0,0,1);es="Cubic";ed="In";};["Right Arm"]={tm=.033;cf=cfr(0,0,0,-.835,-.228,.5,.493,-.712,.5,.242,.664,.707);es="Cubic";ed="In";};["Left Arm"]={tm=.033;cf=cfr(0,0,0,-.848,.311,-.429,-.48,-.794,.374,-.225,.523,.822);es="Cubic";ed="In";};["Right Leg"]={tm=.033;cf=cfr(.743,-.181,0,.906,.423,0,-.423,.906,0,0,0,1);es="Cubic";ed="In";};};{tm=.233;["Torso"]={tm=.167;cf=cfr(0,0,-.8,1,0,0,0,.707,-.707,0,.707,.707);es="Cubic";ed="In";};["Left Leg"]={tm=.1169;cf=cfr(-.354,1.131,0,.643,.766,0,-.766,.643,0,0,0,1);es="Cubic";ed="In";};["Right Arm"]={tm=.0669;cf=cfr(0,0,0,-.835,-.228,.5,.493,-.712,.5,.242,.664,.707);es="Cubic";ed="In";};["Left Arm"]={tm=.0669;cf=cfr(0,0,0,-.848,.311,-.429,-.48,-.794,.374,-.225,.523,.822);es="Cubic";ed="In";};["Right Leg"]={tm=.167;cf=cfr(.743,-.181,0,.906,.423,0,-.423,.906,0,0,0,1);es="Cubic";ed="In";};};{tm=.3;["Right Arm"]={tm=.1000;cf=cfr(0,0,0,-.558,.821,-.122,-.803,-.571,-.17,-.21,.003,.978);es="Cubic";ed="Out";};["Left Arm"]={tm=.1000;cf=cfr(0,0,0,-.676,-.733,.079,.723,-.68,-.125,.146,-.027,.989);es="Cubic";ed="Out";};};{tm=.35;["Left Leg"]={tm=.0500;cf=cfr(-.369,1.258,0,.954,.299,0,-.299,.954,0,0,0,1);es="Linear";ed="In";};};{tm=.4;["Torso"]={tm=.0999;cf=cfr(0,0,-.8,1,0,0,0,.5,.866,0,-.866,.5);es="Cubic";ed="Out";};["Left Leg"]={tm=.0999;cf=cfr(-.347,-.258,0,.707,-.707,0,.707,.707,0,0,0,1);es="Cubic";ed="Out";};["Right Arm"]={tm=.0999;cf=cfr(0,0,0,-.557,-.232,-.797,.654,-.714,-.249,-.512,-.66,.55);es="Cubic";ed="Out";};["Left Arm"]={tm=.0999;cf=cfr(0,0,0,-.686,.28,.672,-.574,-.776,-.262,.448,-.565,.693);es="Cubic";ed="Out";};["Right Leg"]={tm=.0999;cf=cfr(-.013,-.271,0,-.174,.985,0,-.985,-.174,0,0,0,1);es="Cubic";ed="Out";};};{tm=.5;["Torso"]={tm=.0669;cf=cfr(0,0,-.8,1,0,0,0,.5,.866,0,-.866,.5);es="Cubic";ed="Out";};["Left Leg"]={tm=.0669;cf=cfr(-.823,.055,0,.707,-.707,0,.707,.707,0,0,0,1);es="Linear";ed="In";};["Right Arm"]={tm=.0669;cf=cfr(0,0,0,-.557,-.232,-.797,.654,-.714,-.249,-.512,-.66,.55);es="Cubic";ed="Out";};["Left Arm"]={tm=.0669;cf=cfr(0,0,0,-.686,.28,.672,-.574,-.776,-.262,.448,-.565,.693);es="Cubic";ed="Out";};["Right Leg"]={tm=.633;cf=cfr(-.013,-.271,0,-.174,.985,0,-.985,-.174,0,0,0,1);es="Cubic";ed="Out";};};{tm=.567;["Torso"]={tm=.0330;cf=cfr(.1,0,-.8,1,0,0,0,.5,.866,0,-.866,.5);es="Linear";ed="In";};["Left Leg"]={tm=.0330;cf=cfr(-.823,.055,0,.707,-.707,0,.707,.707,0,0,0,1);es="Linear";ed="In";};["Right Arm"]={tm=.0330;cf=cfr(0,0,0,-.557,-.232,-.797,.654,-.714,-.249,-.512,-.66,.55);es="Cubic";ed="Out";};["Left Arm"]={tm=.0330;cf=cfr(0,0,0,-.686,.28,.672,-.574,-.776,-.262,.448,-.565,.693);es="Cubic";ed="Out";};};{tm=.6;["Torso"]={tm=.0330;cf=cfr(0,0,-.7,1,0,0,0,.5,.866,0,-.866,.5);es="Linear";ed="In";};["Left Leg"]={tm=.0330;cf=cfr(-.823,.055,0,.707,-.707,0,.707,.707,0,0,0,1);es="Linear";ed="In";};["Right Arm"]={tm=.0330;cf=cfr(0,0,0,-.557,-.232,-.797,.654,-.714,-.249,-.512,-.66,.55);es="Cubic";ed="Out";};["Left Arm"]={tm=.0330;cf=cfr(0,0,0,-.686,.28,.672,-.574,-.776,-.262,.448,-.565,.693);es="Cubic";ed="Out";};};{tm=.633;["Torso"]={tm=.0340;cf=cfr(.1,0,-.75,1,0,0,0,.5,.866,0,-.866,.5);es="Linear";ed="In";};["Left Leg"]={tm=.0340;cf=cfr(-.823,.055,0,.707,-.707,0,.707,.707,0,0,0,1);es="Linear";ed="In";};["Right Arm"]={tm=.0340;cf=cfr(0,0,0,-.557,-.232,-.797,.654,-.714,-.249,-.512,-.66,.55);es="Cubic";ed="Out";};["Left Arm"]={tm=.0340;cf=cfr(0,0,0,-.686,.28,.672,-.574,-.776,-.262,.448,-.565,.693);es="Cubic";ed="Out";};};{tm=.667;["Torso"]={tm=.0329;cf=cfr(0,-.15,-.75,1,0,0,0,.5,.866,0,-.866,.5);es="Linear";ed="In";};["Left Leg"]={tm=.0329;cf=cfr(-.823,.055,0,.707,-.707,0,.707,.707,0,0,0,1);es="Linear";ed="In";};["Right Arm"]={tm=.0329;cf=cfr(0,0,0,-.557,-.232,-.797,.654,-.714,-.249,-.512,-.66,.55);es="Cubic";ed="Out";};["Left Arm"]={tm=.0329;cf=cfr(0,0,0,-.686,.28,.672,-.574,-.776,-.262,.448,-.565,.693);es="Cubic";ed="Out";};};{tm=.7;["Torso"]={tm=.0330;cf=cfr(.1,.15,-.8,1,0,0,0,.5,.866,0,-.866,.5);es="Linear";ed="In";};["Left Leg"]={tm=.0330;cf=cfr(-.823,.055,0,.707,-.707,0,.707,.707,0,0,0,1);es="Linear";ed="In";};["Right Arm"]={tm=.0330;cf=cfr(0,0,0,-.557,-.232,-.797,.654,-.714,-.249,-.512,-.66,.55);es="Cubic";ed="Out";};["Left Arm"]={tm=.0330;cf=cfr(0,0,0,-.686,.28,.672,-.574,-.776,-.262,.448,-.565,.693);es="Cubic";ed="Out";};};{tm=.733;["Torso"]={tm=.0340;cf=cfr(.1,0,-.8,1,0,0,0,.5,.866,0,-.866,.5);es="Linear";ed="In";};["Left Leg"]={tm=.0340;cf=cfr(-.823,.055,0,.707,-.707,0,.707,.707,0,0,0,1);es="Linear";ed="In";};["Right Arm"]={tm=.0340;cf=cfr(0,0,0,-.557,-.232,-.797,.654,-.714,-.249,-.512,-.66,.55);es="Cubic";ed="Out";};["Left Arm"]={tm=.0340;cf=cfr(0,0,0,-.686,.28,.672,-.574,-.776,-.262,.448,-.565,.693);es="Cubic";ed="Out";};};{tm=.767;["Torso"]={tm=.0330;cf=cfr(0,0,-.7,1,0,0,0,.5,.866,0,-.866,.5);es="Linear";ed="In";};["Left Leg"]={tm=.0160;cf=cfr(-.823,.055,0,.707,-.707,0,.707,.707,0,0,0,1);es="Linear";ed="In";};["Right Arm"]={tm=.0330;cf=cfr(0,0,0,-.557,-.232,-.797,.654,-.714,-.249,-.512,-.66,.55);es="Cubic";ed="Out";};["Left Arm"]={tm=.0330;cf=cfr(0,0,0,-.686,.28,.672,-.574,-.776,-.262,.448,-.565,.693);es="Cubic";ed="Out";};};{tm=.783;["Stomp"]="";["Left Leg"]={tm=.2999;cf=cfr(-.246,-.27,0,.707,-.707,0,.707,.707,0,0,0,1);es="Linear";ed="In";};};{tm=.8;["Torso"]={tm=.0329;cf=cfr(.1,0,-.75,1,0,0,0,.5,.866,0,-.866,.5);es="Linear";ed="In";};["Right Arm"]={tm=.0329;cf=cfr(0,0,0,-.557,-.232,-.797,.654,-.714,-.249,-.512,-.66,.55);es="Cubic";ed="Out";};["Left Arm"]={tm=.0329;cf=cfr(0,0,0,-.686,.28,.672,-.574,-.776,-.262,.448,-.565,.693);es="Cubic";ed="Out";};};{tm=.833;["Torso"]={tm=.0340;cf=cfr(0,-.15,-.75,1,0,0,0,.5,.866,0,-.866,.5);es="Linear";ed="In";};["Right Arm"]={tm=.0340;cf=cfr(0,0,0,-.557,-.232,-.797,.654,-.714,-.249,-.512,-.66,.55);es="Cubic";ed="Out";};["Left Arm"]={tm=.0340;cf=cfr(0,0,0,-.686,.28,.672,-.574,-.776,-.262,.448,-.565,.693);es="Cubic";ed="Out";};};{tm=.867;["Torso"]={tm=.0330;cf=cfr(.1,.15,-.8,1,0,0,0,.5,.866,0,-.866,.5);es="Linear";ed="In";};["Right Arm"]={tm=.0330;cf=cfr(0,0,0,-.557,-.232,-.797,.654,-.714,-.249,-.512,-.66,.55);es="Cubic";ed="Out";};["Left Arm"]={tm=.0330;cf=cfr(0,0,0,-.686,.28,.672,-.574,-.776,-.262,.448,-.565,.693);es="Cubic";ed="Out";};};{tm=.9;["Torso"]={tm=.0330;cf=cfr(.1,0,-.8,1,0,0,0,.5,.866,0,-.866,.5);es="Linear";ed="In";};["Right Arm"]={tm=.0330;cf=cfr(0,0,0,-.557,-.232,-.797,.654,-.714,-.249,-.512,-.66,.55);es="Cubic";ed="Out";};["Left Arm"]={tm=.0330;cf=cfr(0,0,0,-.686,.28,.672,-.574,-.776,-.262,.448,-.565,.693);es="Cubic";ed="Out";};};{tm=.933;["Torso"]={tm=.0339;cf=cfr(0,0,-.7,1,0,0,0,.5,.866,0,-.866,.5);es="Linear";ed="In";};["Right Arm"]={tm=.0339;cf=cfr(0,0,0,-.557,-.232,-.797,.654,-.714,-.249,-.512,-.66,.55);es="Cubic";ed="Out";};["Left Arm"]={tm=.0339;cf=cfr(0,0,0,-.686,.28,.672,-.574,-.776,-.262,.448,-.565,.693);es="Cubic";ed="Out";};};{tm=.967;["Torso"]={tm=.0330;cf=cfr(.1,0,-.75,1,0,0,0,.5,.866,0,-.866,.5);es="Linear";ed="In";};["Right Arm"]={tm=.0330;cf=cfr(0,0,0,-.557,-.232,-.797,.654,-.714,-.249,-.512,-.66,.55);es="Cubic";ed="Out";};["Left Arm"]={tm=.0330;cf=cfr(0,0,0,-.686,.28,.672,-.574,-.776,-.262,.448,-.565,.693);es="Cubic";ed="Out";};};{tm=1;["Torso"]={tm=.0329;cf=cfr(0,-.15,-.75,1,0,0,0,.5,.866,0,-.866,.5);es="Linear";ed="In";};["Right Arm"]={tm=.0329;cf=cfr(0,0,0,-.557,-.232,-.797,.654,-.714,-.249,-.512,-.66,.55);es="Cubic";ed="Out";};["Left Arm"]={tm=.0329;cf=cfr(0,0,0,-.686,.28,.672,-.574,-.776,-.262,.448,-.565,.693);es="Cubic";ed="Out";};};{tm=1.033;["Torso"]={tm=.1000;cf=cfr(.1,.15,-.8,1,0,0,0,.5,.866,0,-.866,.5);es="Linear";ed="In";};["Right Arm"]={tm=0;cf=cfr(0,0,0,-.557,-.232,-.797,.654,-.714,-.249,-.512,-.66,.55);es="Cubic";ed="Out";};["Left Arm"]={tm=0;cf=cfr(0,0,0,-.686,.28,.672,-.574,-.776,-.262,.448,-.565,.693);es="Cubic";ed="Out";};};{tm=1.083;["Left Leg"]={tm=.0500;cf=cfr(-.178,-.281,0,.707,-.707,0,.707,.707,0,0,0,1);es="Linear";ed="In";};};{tm=1.133;["Torso"]={tm=0;cf=cfr(.1,.15,-.45,1,0,0,0,.819,.574,0,-.574,.819);es="Linear";ed="In";};["Left Leg"]={tm=.0500;cf=cfr(-.061,-.057,0,.819,-.574,0,.574,.819,0,0,0,1);es="Linear";ed="In";};["Right Leg"]={tm=0;cf=cfr(.458,-.296,0,.258,.966,0,-.966,.258,0,0,0,1);es="Linear";ed="In";};};{tm=1.183;["Left Leg"]={tm=0;cf=cfr(.03,-.219,0,.954,-.301,0,.301,.954,0,0,0,1);es="Linear";ed="In";};};}
